42
47
22
14
29
41
34
15
8
22
24
18
8
22
31
7
32
18
3
25
11
22
12
6
4
13
29
27
6
34
33
8
11
43
25
3
36
6
19
23
24
38
7
24
27
26
8
31
46
12
28
6
9
29
41
5
1
42
8
46
8
16
2
27
42
16
27
33
9
30
35
14
14
7
30
11
3
43
11
40
10
40
32
1
30
15
12
42
33
40
43
39
6
27
6
28
18
20
41
15
12
36
15
24
16
1
37
32
39
38
30
6
2
15
27
20
12
4
40
30
36
32
8
4
24
34
43
27
7
30
26
12
16
3
32
19
30
10
35
21
16
7
19
41
25
9
2
3
16
24
12
30
3
7
7
28
39
5
10
22
11
0
3
14
15
21
13
41
11
24
41
27
15
2
34
17
40
31
14
14
2
24
0
29
7
0
34
20
7
4
29
37
9
41
5
16
19
36
33
20
32
32
15
35
4
29
32
31
29
19
12
28
9
4
37
1
41
23
11
40
38
13
14
22
20
1
2
36
10
25
19
17
9
18
33
6
43
6
13
4
33
39
18
5
3
31
25
0
15
26
8
23
23
17
10
17
10
47
11
2
19
0
0
23
40
4
23
43
2
7
17
4
41
32
13
39
24
0
24
3
36
16
20
34
25
35
28
14
9
43
1
29
32
25
23
28
36
27
18
8
0
30
22
9
9
34
14
44
4
43
28
0
24
31
22
9
1
1
12
6
21
39
34
13
11
28
20
26
10
19
24
8
39
24
22
26
17
40
17
18
17
15
41
13
31
35
21
9
22
17
15
44
27
2
23
45
27
23
1
28
14
37
20
24
44
37
1
38
30
38
45
0
22
17
13
24
31
38
17
26
28
20
10
15
28
7
25
16
34
18
2
13
4
39
39
18
19
13
40
12
38
40
20
12
30
25
4
33
39
34
48
5
36
37
14
6
39
43
35
23
16
38
16
33
32
1
32
34
3
13
16
31
29
7
36
33
24
26
22
8
31
36
28
39
19
2
8
20
31
32
39
29
8
2
35
33
24
3
35
27
0
29
15
23
44
27
1
1
0
11
15
6
6
25
10
2
44
22
23
28
29
45
23
45
12
18
10
17
41
16
0
0
2
18
3
32
30
22
27
35
19
21
26
18
17
12
17
18
35
0
33
10
6
36
15
6
46
9
19
23
29
24
39
5
27
33
7
15
14
7
24
21
28
0
32
42
17
32
37
0
0
42
38
10
33
45
17
46
20
0
19
35
36
33
11
6
27
28
4
14
26
26
22
1
23
17
15
28
2
9
16
17
8
15
34
10
9
23
41
5
8
32
33
7
35
27
40
13
40
15
45
11
4
16
41
44
47
39
18
4
44
32
1
11
25
5
44
12
41
13
32
21
15
35
37
17
37
6
6
9
7
13
46
4
13
38
10
29
25
22
0
26
38
26
3
22
13
38
4
37
17
29
27
22
35
20
11
11
41
17
5
37
16
44
29
15
6
4
28
28
13
25
23
1
35
13
12
25
22
20
28
0
25
1
8
2
43
16
36
2
10
20
4
31
34
21
43
23
7
39
5
38
23
7
10
13
15
2
6
40
10
36
37
12
30
26
47
22
7
14
25
42
7
5
33
5
25
5
7
17
27
37
2
26
1
33
29
28
5
38
1
10
13
45
23
26
41
41
19
38
36
39
21
11
23
9
16
15
30
1
2
19
5
27
25
37
6
31
10
15
7
14
32
37
20
36
26
8
27
3
36
34
20
11
3
21
12
8
19
42
11
44
24
31
34
16
38
14
27
23
1
14
33
19
30
12
3
25
39
11
19
19
44
42
38
3
39
0
27
33
21
4
4
31
28
45
32
22
16
10
12
18
22
25
10
1
26
47
16
37
8
31
24
21
14
2
35
14
22
37
3
40
13
22
21
20
1
21
42
17
26
34
21
18
34
7
21
28
7
1
8
3
44
25
13
5
10
22
18
21
22
1
38
11
31
5
17
11
3
37
18
22
39
5
44
9
18
35
2
35
21
5
30
21
24
38
23
3
15
12
13
9
21
21
4
38
22
34
44
9
1
29
3
2
8
14
35
18
9
14
11
26
9
11
19
44
44
38
9
20
33
42
0
13
4
0
8
12
45
8
29
14
27
6
8
21
19
10
13
29
16
5
36
25
0
31
20
9
12
26
6
32
37
30
14
42
12
16
24
19
26
34
19
29
17
4
30
7
33
5
42
20
5
24
46
34
30
26
25
35
37
6
15
36
7
28
21
5
18
16
