1000
0 34
0 142
0 205
0 561
1 581
1 588
2 257
2 479
2 517
2 953
3 814
4 109
4 590
4 761
4 772
5 1
5 793
5 872
5 928
6 75
6 100
6 403
6 413
6 688
7 60
7 285
7 439
7 579
8 91
8 97
8 248
8 288
8 665
9 448
9 669
9 800
9 846
10 54
10 55
10 280
10 302
10 339
10 625
10 740
10 853
10 925
11 161
11 367
11 709
11 868
11 871
12 184
12 945
12 986
13 44
13 106
13 650
14 8
14 205
14 595
14 672
14 885
14 895
14 962
15 311
15 557
15 795
16 649
16 822
16 823
16 869
17 223
17 342
17 398
17 504
17 693
17 740
17 753
17 757
17 991
18 86
18 125
18 325
18 567
18 694
18 831
18 875
19 58
19 352
19 491
19 645
19 656
20 173
20 202
20 320
20 472
20 504
20 790
21 71
21 164
21 497
21 633
21 870
21 921
21 925
22 170
22 513
22 644
22 758
22 920
22 932
22 975
23 316
23 336
23 817
24 27
24 570
24 727
24 994
25 45
25 227
25 246
25 273
25 384
25 399
25 468
25 530
25 708
25 853
26 223
26 491
26 697
26 772
27 387
27 640
27 714
28 110
28 154
28 178
28 297
28 562
28 769
28 966
29 25
29 300
29 877
30 606
31 35
31 39
31 320
31 602
31 772
31 990
32 59
32 178
32 181
32 191
32 552
32 624
32 876
33 47
33 48
33 243
33 411
33 432
33 511
33 538
33 617
33 757
33 811
33 884
33 963
33 989
34 46
34 105
34 121
34 272
34 302
34 308
34 560
34 895
34 950
35 202
35 478
35 483
35 624
35 626
35 660
36 142
36 484
37 77
37 87
37 150
37 286
37 559
37 635
37 755
37 980
38 401
38 573
39 23
39 104
39 167
39 173
39 182
39 359
39 559
39 581
39 605
40 422
40 432
40 477
40 549
40 594
41 297
41 826
41 843
41 970
42 43
42 519
42 585
42 741
43 11
43 179
43 249
43 289
43 327
43 655
43 740
43 792
43 964
43 988
44 32
44 196
44 409
44 427
44 565
44 639
44 775
44 791
44 892
44 971
45 334
45 505
45 686
45 811
46 6
46 95
46 207
46 400
46 707
46 794
47 13
47 231
47 257
47 481
47 673
47 938
48 199
48 204
48 248
48 302
48 317
48 762
48 790
48 939
48 956
48 977
48 996
49 31
49 44
49 102
49 164
49 322
49 495
49 949
50 58
50 258
50 275
50 285
50 380
50 637
51 37
51 128
51 170
51 360
51 374
51 447
51 506
52 73
52 80
52 239
52 490
52 524
52 811
52 834
53 83
53 153
53 351
53 481
53 490
54 306
54 843
55 37
55 50
55 369
55 585
56 258
56 542
57 321
57 431
57 439
57 783
57 904
58 38
58 433
58 447
58 467
58 700
58 730
58 786
58 912
59 89
59 371
59 467
59 930
60 454
60 641
60 876
60 943
61 4
61 383
61 411
61 724
61 922
62 369
62 569
62 668
62 722
62 737
62 813
62 979
63 200
63 463
63 527
63 727
64 72
64 309
64 535
64 705
64 787
65 252
65 443
65 674
65 730
65 748
65 976
66 445
66 503
66 586
66 773
66 786
67 79
67 132
67 140
67 394
67 754
67 977
68 241
68 424
68 740
68 849
69 314
69 540
69 609
69 632
70 110
70 390
70 485
70 677
70 719
71 112
71 157
71 186
71 463
71 930
72 139
72 267
72 372
72 536
72 698
72 756
73 20
73 189
73 448
73 543
74 226
74 313
74 380
74 525
74 710
74 872
75 131
75 276
75 469
75 665
75 896
76 139
76 158
76 536
76 612
76 863
76 864
76 936
76 993
77 165
77 434
77 514
77 589
77 766
77 775
77 962
77 989
78 91
78 573
78 674
79 499
79 624
79 650
79 718
80 51
80 144
80 254
80 302
80 312
80 316
80 442
80 566
80 712
80 852
80 918
80 998
80 999
81 126
81 375
81 490
81 623
82 109
82 130
82 203
82 353
82 487
82 737
82 752
82 942
83 108
83 161
83 643
83 646
83 672
84 563
84 859
85 550
85 615
85 634
85 687
85 965
86 531
87 167
87 212
87 257
87 312
87 482
87 539
87 902
87 989
88 78
88 85
88 200
88 205
88 262
89 5
89 186
89 296
89 324
89 373
90 404
90 493
90 501
90 609
90 996
91 58
91 759
91 784
91 856
91 954
92 329
92 351
92 417
92 666
92 805
93 247
93 443
93 517
93 753
94 171
94 374
94 462
94 498
94 540
94 563
94 756
94 892
95 13
95 53
95 148
95 211
95 298
95 403
95 882
95 925
96 164
96 214
96 229
96 238
96 404
96 554
96 742
96 847
96 883
97 178
97 510
97 515
97 569
97 735
97 814
97 865
97 986
98 49
98 165
99 237
99 411
99 892
99 951
100 0
100 475
100 656
100 707
101 40
101 278
101 367
101 406
101 481
101 674
101 887
101 898
102 9
102 43
102 184
102 276
102 461
102 614
102 690
102 960
103 46
103 90
103 685
103 764
103 777
103 857
103 905
104 66
104 267
104 286
104 610
104 928
105 25
105 177
105 583
105 604
105 658
105 929
106 34
106 788
106 965
107 1
107 95
107 116
107 298
107 318
108 464
108 909
109 220
109 461
109 541
109 616
109 672
109 980
110 477
110 759
110 921
111 138
111 416
112 145
112 493
112 653
112 766
112 900
113 528
113 620
113 719
113 906
114 233
114 261
114 351
114 357
114 774
115 370
115 705
115 805
115 856
116 379
116 419
116 730
116 790
116 865
117 601
118 22
118 705
118 810
119 431
119 503
119 538
119 551
119 564
119 784
119 868
119 876
120 271
120 370
120 785
121 152
121 513
121 570
121 682
121 838
121 859
122 34
122 114
123 76
123 263
123 554
123 672
123 940
124 169
124 245
124 466
124 485
124 495
124 828
125 509
125 763
125 833
125 912
126 371
126 391
126 526
126 817
127 26
127 227
127 312
127 632
127 655
127 844
128 46
128 114
128 376
128 502
128 558
129 901
129 978
130 112
130 367
130 437
130 487
131 308
131 446
131 579
132 404
132 417
132 435
132 570
133 19
133 579
133 696
133 880
133 971
134 53
134 276
134 378
134 437
135 79
135 559
135 712
135 726
136 23
136 47
136 469
136 819
137 42
137 153
137 301
137 588
137 781
137 996
138 184
138 228
138 294
138 586
138 789
138 792
138 794
139 201
139 227
139 272
139 958
139 988
140 215
141 254
141 382
141 429
141 478
141 766
141 794
141 948
141 958
142 238
142 300
142 340
142 394
142 516
142 570
142 594
142 621
142 715
142 732
143 149
143 779
143 830
144 254
144 410
144 703
144 792
144 981
145 125
145 137
145 316
145 425
145 569
145 787
145 825
146 286
146 410
146 580
146 649
146 810
146 935
147 520
147 797
147 858
147 970
148 472
148 633
148 674
148 878
148 955
148 966
149 150
149 314
149 465
149 612
149 650
149 882
150 171
150 179
150 266
150 304
150 529
151 45
151 277
151 641
151 699
152 129
152 199
152 277
152 475
152 478
152 625
152 673
152 705
152 833
152 923
153 29
153 388
153 559
153 878
153 879
154 42
154 289
154 427
154 955
155 338
155 621
155 924
155 998
156 95
156 344
156 516
156 846
157 115
157 263
157 489
158 201
158 203
158 732
159 46
159 97
159 256
159 281
159 434
159 449
159 494
159 731
159 747
159 813
159 997
160 1
160 285
160 747
160 785
160 882
161 787
161 874
162 41
162 279
162 586
162 902
162 923
163 21
163 66
163 607
163 768
163 981
164 663
165 124
165 212
165 247
165 322
165 419
165 828
166 418
166 590
167 18
167 365
167 468
167 673
167 835
167 873
168 600
168 847
168 918
169 299
169 376
169 424
169 481
169 584
169 795
170 5
170 129
170 196
170 353
170 702
171 473
171 586
172 178
172 180
172 705
173 81
173 94
173 120
173 605
174 121
174 365
175 302
175 511
175 551
175 963
176 139
176 192
176 633
176 829
177 747
177 971
178 43
178 158
178 373
178 481
178 970
179 13
179 19
179 175
179 531
179 575
179 655
179 674
179 776
180 172
180 350
180 676
180 966
181 174
181 582
181 830
181 871
181 922
181 926
181 971
182 70
182 216
182 415
182 441
182 467
182 613
182 702
182 865
183 13
183 382
183 438
183 516
183 627
183 803
183 809
183 941
184 354
184 448
184 461
184 664
184 697
184 789
185 183
185 203
185 249
185 395
185 482
185 635
185 691
186 57
186 350
186 444
186 452
186 481
186 531
186 544
186 778
186 784
186 853
186 890
186 900
186 911
187 347
187 578
187 678
187 741
187 885
188 202
188 439
188 587
188 681
188 833
188 872
188 982
189 17
189 500
189 732
189 840
189 936
190 58
190 753
190 790
190 834
191 26
191 43
191 244
191 437
191 530
191 604
191 609
192 211
192 216
192 817
192 837
193 518
193 599
193 903
193 931
193 979
194 190
194 216
195 502
195 512
195 794
196 663
196 879
196 907
196 970
197 76
197 154
197 415
197 528
197 529
197 627
197 825
197 984
198 241
198 523
198 572
198 651
199 99
199 268
199 322
199 327
199 399
199 411
199 777
200 272
200 667
200 888
201 197
201 273
201 311
201 438
201 475
201 541
201 910
202 15
202 91
202 213
202 800
202 924
202 930
203 192
203 408
203 423
203 748
203 816
203 819
203 979
204 268
204 303
204 330
204 722
204 732
205 474
205 620
205 850
205 877
205 902
205 974
206 977
207 20
207 133
207 240
207 377
207 426
207 592
207 633
207 753
207 944
207 973
208 296
208 443
208 447
208 492
208 660
208 782
208 818
208 961
208 974
209 454
209 689
210 179
210 310
210 431
210 822
210 932
211 296
211 587
211 666
211 668
211 717
212 146
212 197
212 397
212 475
212 631
212 696
212 846
212 852
213 7
213 120
213 180
213 510
213 822
214 132
214 153
214 382
214 712
215 16
215 33
215 79
215 182
215 187
215 423
215 441
215 478
215 718
215 970
216 15
216 163
216 460
216 812
216 928
217 249
217 763
217 908
217 915
218 509
218 542
218 758
218 799
219 152
219 603
219 857
219 893
220 125
220 127
220 161
220 217
220 260
220 661
220 737
220 857
220 892
221 241
221 329
221 404
222 282
222 482
223 237
223 315
223 471
223 529
224 384
224 491
224 860
224 937
224 953
224 975
225 476
225 916
226 87
226 479
226 752
227 361
229 108
229 421
229 451
229 700
229 786
229 804
230 33
230 51
230 508
230 598
230 714
230 807
231 214
231 384
231 496
231 903
231 907
232 144
232 153
232 165
232 382
232 593
232 878
232 965
232 984
233 179
233 201
233 347
233 436
233 560
233 581
233 834
234 76
234 123
234 588
234 964
235 30
235 77
235 371
235 465
236 87
236 108
236 218
236 500
237 575
237 608
237 625
237 669
238 186
238 609
238 654
239 201
239 230
239 340
239 353
239 383
239 656
239 715
239 827
239 857
239 905
239 940
240 10
240 105
240 204
240 806
240 908
241 104
241 238
241 276
241 484
241 635
241 708
241 820
241 926
242 441
242 450
242 677
243 147
243 699
243 998
244 310
244 412
244 676
244 745
244 785
244 831
245 217
245 454
245 617
246 14
246 63
246 137
246 230
246 326
247 55
247 553
247 885
248 762
248 990
249 342
249 486
249 740
249 837
249 902
250 115
250 236
250 381
250 461
250 529
250 539
250 632
250 700
250 890
251 58
251 332
251 415
251 551
251 620
251 675
252 102
252 104
252 461
253 32
253 117
253 489
253 636
253 793
254 358
254 897
255 16
255 25
255 377
255 589
255 670
255 872
255 928
256 378
256 986
256 988
257 256
257 369
257 640
257 754
257 894
258 237
258 404
258 568
258 879
258 921
259 6
259 544
259 672
259 827
259 923
259 974
260 73
260 122
260 847
260 953
261 46
261 49
261 106
261 233
261 281
261 496
261 819
261 914
261 939
262 67
262 120
262 391
262 996
263 496
263 630
263 882
263 888
263 899
264 67
264 150
264 393
264 825
265 22
265 316
265 345
265 620
265 861
266 102
266 299
266 317
266 403
266 639
267 117
267 317
267 720
268 337
268 378
268 437
268 531
268 596
268 990
269 209
269 297
269 748
269 892
270 24
270 80
270 213
270 547
270 621
270 653
270 684
270 948
271 117
271 166
271 321
271 672
272 143
272 154
272 223
272 338
272 381
272 501
272 507
272 710
272 785
273 406
273 450
274 82
274 112
274 134
274 761
275 120
275 150
275 284
275 704
275 894
275 944
275 982
276 32
276 508
276 952
277 188
277 309
277 424
277 710
277 721
277 747
278 120
278 152
278 170
278 631
278 804
278 939
279 183
279 998
279 999
281 443
281 497
281 913
282 246
282 254
282 403
282 475
282 740
282 974
283 41
283 126
283 353
283 392
284 24
284 114
284 519
284 531
284 794
284 866
284 904
285 60
285 143
285 625
285 639
285 886
285 918
285 922
286 492
286 569
286 713
286 757
287 135
287 293
287 394
287 471
287 645
287 868
288 227
288 313
288 396
288 447
288 855
289 287
289 299
289 338
289 402
289 643
289 876
289 893
289 907
289 961
290 532
290 691
290 911
291 116
292 705
292 797
293 128
293 557
293 636
293 657
293 816
293 906
294 4
294 84
294 338
294 521
295 59
295 107
295 136
295 280
295 293
295 604
295 895
296 71
296 270
296 385
296 456
296 822
296 857
297 367
297 712
297 904
297 972
298 333
298 375
298 524
298 531
298 604
298 932
299 72
299 521
300 591
301 167
301 339
301 385
301 663
301 795
302 239
302 286
302 827
302 912
303 207
303 475
304 134
304 325
304 334
304 700
304 802
304 869
305 433
305 441
305 566
306 467
306 630
306 680
306 871
307 199
307 444
307 468
307 568
307 609
307 638
307 695
308 38
308 312
308 328
308 441
308 483
308 518
308 525
308 531
309 61
309 398
309 670
309 953
310 37
310 44
310 211
310 225
311 49
311 106
311 143
311 291
311 401
311 526
311 818
311 987
312 295
312 340
312 675
312 720
313 574
313 732
313 953
314 340
314 365
314 599
314 717
314 720
314 933
314 969
315 298
315 622
316 5
316 162
316 502
316 626
316 647
317 257
317 396
317 425
317 729
317 832
317 835
318 113
318 278
318 350
318 779
319 91
319 136
319 222
319 794
319 858
320 362
320 539
320 616
320 630
320 702
320 778
320 876
320 960
321 100
321 294
321 587
321 681
322 33
322 169
322 187
322 354
322 688
323 118
323 166
323 309
323 316
323 333
323 747
324 813
324 857
325 8
325 130
325 414
325 518
325 570
325 616
325 639
326 23
326 68
326 200
326 505
326 718
327 215
327 492
327 922
327 996
328 31
328 48
328 161
328 264
328 412
328 564
328 766
328 768
328 779
328 984
329 103
329 426
329 512
329 591
329 951
329 965
331 118
331 191
331 193
331 283
331 385
331 561
331 862
332 40
332 213
332 426
332 703
332 795
333 59
333 259
333 429
333 457
333 544
333 770
334 58
334 131
334 148
334 772
334 865
335 51
335 131
335 394
335 846
336 26
336 181
336 683
337 109
337 110
337 205
337 616
337 625
338 32
338 94
338 205
338 224
338 248
338 311
338 524
338 825
338 983
339 3
339 87
339 165
339 277
339 372
339 831
339 870
340 59
340 402
340 480
340 571
340 898
341 121
341 281
341 508
341 606
341 745
341 938
342 464
342 804
342 840
343 18
343 655
343 828
343 854
343 900
344 50
344 164
344 678
344 755
344 801
344 865
344 925
345 74
345 220
345 228
345 416
346 124
346 178
346 392
346 401
346 413
346 473
346 493
346 563
346 608
346 974
347 397
347 423
347 439
347 762
348 94
348 277
348 383
348 657
348 756
348 887
349 134
349 566
349 611
349 881
349 944
350 10
350 356
350 434
350 451
350 570
350 693
350 786
351 124
351 326
351 590
351 782
352 174
352 394
352 398
352 684
353 132
353 322
353 419
353 571
353 752
353 943
354 123
354 147
354 760
355 71
355 102
355 252
355 320
355 643
355 737
355 742
355 808
355 938
356 84
356 513
356 551
356 802
356 890
357 89
357 391
357 465
357 595
358 72
358 172
358 766
358 767
358 802
358 863
358 902
359 68
359 141
360 611
360 887
361 42
361 77
361 551
361 658
361 739
362 854
363 11
363 17
363 210
363 479
363 773
363 888
363 971
363 982
363 991
364 122
364 268
364 314
364 571
364 647
364 697
364 750
364 906
364 943
365 8
365 621
365 652
365 674
365 990
366 58
366 65
366 239
366 307
366 791
366 969
367 119
367 244
367 364
367 460
367 585
367 599
367 629
367 752
368 122
368 220
368 736
368 823
369 76
369 386
369 803
369 823
369 870
369 893
370 325
370 422
370 474
370 653
370 670
370 765
370 784
370 948
371 273
371 311
371 383
371 703
371 932
372 10
372 617
373 337
373 338
373 471
373 567
374 88
374 232
374 385
374 488
374 894
374 926
375 296
375 353
375 368
375 619
376 177
376 451
376 462
377 199
377 417
377 744
377 809
377 893
378 135
378 321
378 436
378 494
378 498
378 539
378 840
378 881
379 217
379 302
379 492
379 636
379 750
380 194
380 375
380 473
380 572
380 647
380 826
381 155
381 269
381 307
381 633
382 31
382 118
382 301
382 392
382 414
382 526
382 629
382 976
383 1
383 15
383 46
383 290
383 332
383 347
383 409
383 417
383 486
383 533
383 691
383 763
383 787
383 919
383 936
384 379
384 797
384 816
384 821
384 954
385 35
385 494
385 823
385 835
385 899
386 50
386 175
386 280
386 388
386 472
386 689
386 828
387 209
387 286
387 509
387 691
387 735
387 857
387 865
387 895
387 935
388 108
388 303
388 441
388 866
389 235
389 236
389 464
389 702
389 770
389 893
390 174
390 214
390 521
390 616
390 862
390 996
391 23
391 263
391 488
391 964
391 990
392 263
392 311
392 397
392 432
392 533
392 700
393 247
393 537
393 663
393 763
393 983
394 183
394 200
394 534
394 592
395 92
395 523
395 665
395 672
395 867
396 6
396 155
396 157
396 438
396 837
397 688
398 248
398 442
398 483
398 953
399 276
399 279
399 525
399 548
399 803
399 937
399 981
400 292
400 530
400 984
400 985
401 59
401 269
401 272
402 52
402 144
402 633
402 637
402 732
402 737
403 3
403 548
403 834
403 898
403 958
403 991
404 263
404 359
404 449
404 466
404 994
405 359
405 440
405 808
406 95
406 312
406 413
406 433
406 501
406 639
406 777
406 892
407 105
407 150
407 291
407 562
407 644
407 679
407 724
407 885
407 968
408 482
408 788
408 831
408 832
409 72
409 150
409 306
409 397
409 469
409 755
410 320
410 673
410 841
410 980
411 27
411 128
411 189
411 637
411 904
411 964
412 211
412 277
412 478
413 545
413 722
413 826
413 909
414 132
414 216
414 243
414 506
414 535
414 625
414 834
414 951
415 141
415 701
415 883
416 403
416 437
416 478
416 621
416 771
417 308
417 377
417 565
417 971
418 18
418 145
418 147
418 415
418 942
419 241
419 282
419 957
419 989
421 200
421 218
421 261
421 279
421 392
421 755
421 923
421 929
422 577
422 832
422 903
423 179
423 265
423 280
423 301
423 325
423 437
423 449
423 493
423 805
423 965
424 204
424 218
424 398
424 540
424 567
424 792
424 840
424 891
425 6
425 570
425 629
425 794
425 972
426 74
426 85
426 353
426 677
426 905
426 972
427 12
427 136
427 220
427 279
427 287
427 329
427 784
428 639
428 668
428 939
429 11
429 306
429 519
429 673
429 869
430 53
430 114
430 228
430 256
430 297
430 301
430 497
430 572
430 724
430 928
430 939
431 19
431 316
431 589
431 660
431 696
431 699
432 566
432 906
433 335
433 418
433 430
433 464
433 485
433 502
433 587
433 605
433 707
433 838
434 180
434 354
434 380
434 534
434 615
434 817
434 944
435 135
435 470
435 534
435 596
435 674
435 688
435 784
435 859
435 925
435 970
436 68
436 119
436 515
436 541
436 712
436 727
436 814
437 214
437 288
437 367
437 473
437 522
437 579
437 655
437 872
437 943
438 239
438 690
438 746
438 751
439 245
439 271
439 278
439 410
439 795
440 65
440 150
440 468
440 474
440 493
440 502
441 7
441 93
441 146
441 247
441 318
441 349
441 669
441 727
441 781
442 10
442 80
442 762
442 923
443 156
443 201
444 454
444 547
444 667
444 713
445 188
445 200
445 850
446 19
446 207
446 492
446 577
446 582
447 81
447 122
447 335
447 532
447 821
447 918
448 76
448 123
448 437
448 656
448 924
448 958
449 163
449 188
449 215
449 419
449 565
449 666
449 709
449 765
449 962
450 91
450 157
450 241
450 447
450 988
451 162
451 304
451 833
451 910
451 974
452 60
452 115
452 335
452 711
452 833
452 847
453 113
453 523
453 610
453 714
453 733
453 983
454 341
454 409
454 434
454 525
454 603
455 165
455 354
455 523
455 598
455 905
455 957
456 136
456 187
456 235
456 283
456 549
456 919
456 958
457 124
457 175
457 309
457 676
457 829
458 34
458 118
458 568
458 874
458 915
458 937
459 11
459 128
459 171
459 293
459 365
459 473
459 657
459 922
460 330
460 418
460 473
460 911
460 921
460 933
461 89
461 176
461 246
461 312
461 454
461 526
461 581
461 857
461 893
461 934
462 517
462 597
462 677
462 913
463 506
463 731
463 996
464 62
464 209
464 405
464 472
464 910
464 939
465 33
465 64
465 343
465 627
465 806
465 850
465 869
465 944
466 3
466 28
466 144
466 217
466 278
466 397
466 685
466 703
466 833
467 97
467 333
467 394
467 453
467 751
468 397
468 888
468 989
469 213
469 516
469 554
469 622
469 732
469 981
470 119
470 288
470 524
470 534
470 812
471 682
472 90
472 129
472 227
472 677
472 765
472 867
472 979
473 468
473 730
473 889
474 311
474 379
474 764
475 20
475 362
475 436
475 478
475 480
475 565
475 617
476 82
476 513
476 911
477 49
477 81
477 120
477 163
477 695
477 955
478 258
478 383
478 542
478 608
478 746
478 886
478 904
479 6
479 385
479 716
479 857
480 936
481 73
481 179
481 324
481 887
482 413
482 487
482 760
482 819
483 306
483 323
483 853
484 34
484 55
484 58
484 142
484 234
484 591
485 85
485 261
485 367
485 442
485 448
485 507
485 968
486 127
486 318
486 551
486 759
487 121
487 382
487 713
487 714
487 818
488 156
488 174
488 238
488 306
489 243
489 621
489 640
489 693
489 796
489 943
490 13
490 94
490 175
490 603
490 871
491 77
491 151
491 296
491 509
491 537
492 79
492 213
492 226
492 287
492 721
492 973
493 112
493 778
494 113
495 217
495 661
496 555
496 830
496 842
497 217
497 267
497 449
497 569
497 614
497 798
498 1
498 275
498 308
498 413
498 630
498 905
499 21
499 223
499 512
499 601
499 873
500 109
500 248
500 451
500 549
501 203
501 663
501 797
501 886
502 134
502 362
502 718
503 387
503 577
503 647
503 878
504 25
504 26
504 681
504 856
505 51
505 60
505 327
505 638
505 658
506 60
506 125
506 424
506 676
506 863
507 130
507 324
507 725
508 98
508 180
508 218
508 255
508 649
508 824
509 30
509 65
509 258
509 394
509 532
509 563
509 918
509 992
510 309
510 436
510 567
510 655
511 212
511 215
511 230
511 471
512 339
513 29
513 99
513 168
513 613
513 635
513 663
514 52
514 96
514 294
514 649
514 900
514 945
515 14
515 19
515 234
515 729
516 719
516 736
516 777
517 374
517 433
517 720
518 90
518 164
518 196
518 540
518 774
518 929
518 996
519 131
519 190
519 266
519 549
519 815
520 280
520 620
520 784
520 952
521 175
521 412
521 475
521 604
522 72
522 912
523 100
523 115
523 326
524 790
524 954
524 985
525 51
525 184
525 511
526 513
526 534
526 545
526 721
526 877
526 908
527 632
527 785
527 948
528 51
528 964
528 965
529 159
529 251
529 365
529 597
529 623
529 699
529 839
529 871
530 178
530 226
530 478
530 785
530 787
531 84
531 510
532 236
532 423
532 562
532 661
533 164
533 238
533 390
533 610
533 619
533 836
534 198
534 229
534 385
534 497
534 522
534 694
534 771
534 781
534 785
534 887
534 919
534 953
534 986
535 0
535 58
535 84
535 974
536 75
536 94
536 479
536 952
536 993
537 99
537 293
537 344
537 351
537 483
537 611
537 719
537 816
538 418
539 47
539 128
539 141
539 379
539 561
539 975
540 642
541 68
541 180
541 199
541 243
541 294
541 571
541 949
541 983
542 0
542 864
542 899
543 169
543 513
543 601
543 679
543 913
544 519
544 559
544 659
544 914
545 14
545 55
545 158
545 189
545 795
546 94
546 101
546 159
546 244
546 371
546 621
546 773
547 667
547 824
547 828
547 906
548 32
548 161
548 287
548 527
548 539
548 728
549 128
549 380
549 755
549 967
550 117
550 285
550 339
550 544
550 864
551 193
551 556
551 714
551 741
551 803
552 586
552 593
553 2
553 94
553 327
553 451
553 778
554 179
554 381
554 732
554 782
555 319
555 554
555 824
555 854
555 885
556 196
556 421
556 481
556 517
556 722
556 893
557 7
557 35
557 211
557 474
557 521
557 674
557 853
558 141
558 334
558 497
558 504
558 725
558 771
559 66
559 260
560 57
560 351
560 478
560 486
560 632
560 742
560 956
561 101
561 123
561 226
561 230
561 434
561 589
561 631
561 739
561 820
562 55
562 469
562 518
562 581
562 623
562 922
562 940
563 440
563 451
563 494
563 966
564 346
564 458
565 35
565 95
565 303
565 361
565 367
565 479
565 669
565 879
565 891
565 910
565 949
566 289
566 299
566 310
566 480
566 499
566 969
566 979
567 332
567 356
568 29
568 528
568 549
568 642
568 774
568 900
569 94
569 213
569 514
569 621
569 636
569 847
569 964
570 64
570 75
570 145
570 156
570 233
570 498
570 551
570 616
570 804
570 877
570 883
571 206
571 292
571 361
571 473
571 765
571 775
571 792
571 829
571 890
571 892
571 943
572 41
572 155
572 394
572 493
572 508
572 757
572 973
573 140
573 979
574 13
574 69
574 84
574 100
574 164
574 453
574 515
574 764
574 777
575 24
575 73
575 152
575 570
576 35
576 421
576 529
576 981
577 2
577 587
577 935
578 352
578 406
578 700
578 886
579 46
579 190
579 214
579 373
579 682
579 818
580 187
580 262
580 290
580 373
580 646
580 892
581 77
581 140
581 400
581 409
581 486
581 554
581 620
582 16
582 114
582 437
582 487
582 489
582 665
583 77
583 177
583 245
583 339
583 466
583 644
583 863
584 38
584 112
584 726
584 890
585 213
585 266
585 439
585 571
585 580
585 740
585 875
585 978
586 393
586 448
586 807
587 64
587 335
587 372
587 692
587 742
587 903
588 209
588 351
588 526
588 580
588 611
588 644
588 870
589 16
589 252
589 348
589 728
589 788
589 963
590 138
590 422
590 917
591 131
591 482
592 47
592 186
592 221
592 294
592 392
592 474
592 538
593 4
593 900
594 88
594 747
595 581
595 661
595 752
595 912
595 927
596 617
596 858
597 487
597 562
598 108
598 213
598 686
598 962
599 59
599 114
599 206
599 865
599 933
600 206
600 213
600 477
600 737
600 952
600 961
601 347
601 715
601 726
603 146
603 256
603 414
603 684
603 980
604 495
604 653
604 668
604 912
604 932
605 148
605 333
605 861
606 308
606 734
606 744
606 759
606 832
607 223
607 228
607 377
607 618
607 767
607 774
607 878
607 901
608 11
608 125
608 176
608 381
608 400
608 538
608 659
608 745
608 903
608 953
609 155
609 472
609 495
610 477
610 569
611 245
611 361
611 658
612 96
612 228
612 666
612 683
613 105
613 229
613 377
613 637
613 785
614 99
614 159
614 385
614 427
614 721
615 13
615 322
616 176
616 446
616 906
617 203
617 410
617 664
617 729
617 953
617 954
618 93
618 625
619 16
619 111
619 124
619 129
619 547
620 712
620 887
620 900
621 428
621 700
621 971
622 23
622 485
622 621
622 704
622 778
622 890
623 649
623 667
623 714
623 831
624 29
624 126
625 131
625 157
625 171
625 308
625 583
625 669
626 97
626 366
626 587
626 654
627 328
627 498
627 684
627 752
628 158
628 209
628 451
628 642
628 728
629 4
629 123
629 418
629 833
630 7
630 144
630 213
630 615
631 21
631 37
631 99
631 112
631 160
631 223
631 306
631 421
631 437
631 528
631 530
631 743
631 991
632 55
632 70
632 291
632 467
632 472
632 494
632 714
632 789
633 2
633 59
633 100
633 295
633 310
633 378
633 598
634 120
634 168
635 267
635 706
635 948
635 982
636 233
637 91
637 130
637 277
637 352
637 735
638 105
638 146
638 210
638 226
638 299
638 915
639 691
640 471
641 117
641 127
641 164
641 664
641 755
642 55
642 153
642 345
642 514
642 528
642 862
642 901
643 104
643 312
643 393
643 424
643 662
643 750
643 942
644 12
644 48
644 719
644 966
645 155
645 272
645 285
645 350
646 34
646 400
646 427
646 529
646 769
646 876
647 89
647 179
647 788
648 209
648 427
648 598
648 633
648 653
648 657
648 811
649 586
649 745
650 45
650 421
650 468
650 871
651 563
651 650
651 745
651 951
651 994
652 133
652 488
652 691
652 970
653 34
653 423
653 568
653 872
654 96
654 561
654 674
655 62
655 187
655 335
655 373
655 706
655 860
655 891
656 282
656 759
656 780
656 835
657 25
657 244
657 303
657 627
657 650
657 678
658 44
658 355
658 646
658 695
658 718
658 921
659 44
659 95
659 258
659 445
659 935
660 384
660 472
660 647
660 715
660 855
660 922
660 986
661 746
662 57
662 90
662 322
662 368
662 379
662 389
662 526
662 708
663 136
663 352
663 543
663 568
663 898
664 69
664 763
665 8
665 67
665 152
665 242
665 702
665 830
666 145
666 157
666 306
666 444
666 458
666 540
667 39
667 154
667 223
667 728
667 749
667 868
668 212
668 574
668 677
668 731
669 70
669 198
669 558
669 747
669 959
669 965
670 269
670 896
671 63
671 220
671 259
671 735
671 822
672 181
672 250
672 584
672 637
672 644
672 706
672 837
672 858
673 116
673 227
673 273
673 276
673 392
673 506
673 536
673 739
673 870
673 965
674 732
674 873
674 974
674 984
675 28
675 192
675 251
675 514
675 667
675 686
675 949
676 181
676 243
676 863
676 945
677 431
677 702
677 878
677 887
677 929
678 60
678 140
678 403
678 442
678 576
679 369
679 388
679 576
680 127
680 252
680 353
680 435
681 440
681 679
681 727
681 915
682 57
682 246
682 318
683 297
683 794
684 114
684 240
684 529
684 871
685 70
685 146
685 332
685 403
685 502
685 663
685 688
685 787
686 97
686 222
686 800
686 871
686 925
687 918
688 64
688 430
688 474
688 482
688 551
688 575
688 674
688 768
688 866
688 950
689 41
689 148
689 249
689 344
690 366
690 407
690 747
690 800
691 258
691 429
691 607
691 798
691 865
692 120
692 291
692 294
693 300
693 347
693 764
693 864
694 24
694 84
694 110
694 459
694 631
694 669
694 777
694 884
695 0
695 7
695 137
695 217
695 792
695 803
695 946
696 166
696 270
696 413
696 484
696 597
697 411
697 983
698 148
698 386
698 455
699 222
699 376
699 622
699 901
700 148
700 813
700 838
701 992
702 18
702 73
702 464
702 789
703 135
703 251
703 263
703 417
703 463
703 553
703 798
703 973
704 483
704 577
704 946
705 151
705 593
705 930
706 92
706 201
706 333
707 99
707 155
707 262
707 820
707 826
707 914
708 45
708 586
708 748
708 796
708 986
709 155
709 239
709 565
709 966
710 215
710 348
710 498
711 124
711 182
711 251
711 341
711 546
711 548
711 974
711 982
712 2
712 164
712 253
712 280
712 460
712 546
712 793
713 115
713 116
713 390
713 477
713 727
713 995
714 85
714 979
715 40
715 469
715 514
715 709
715 868
716 441
716 554
716 773
716 857
716 912
718 128
718 557
718 614
719 244
719 595
719 712
719 782
720 47
720 333
720 397
720 726
721 87
721 739
721 927
722 12
722 190
722 713
723 635
723 767
723 824
724 411
724 422
725 84
725 137
725 337
725 520
725 782
726 24
726 316
726 319
726 324
726 501
726 772
726 826
726 875
727 52
727 112
727 276
727 441
727 784
727 791
727 928
728 345
728 525
729 22
729 32
729 65
729 206
729 661
729 698
730 845
731 130
731 513
731 791
731 801
731 953
731 991
732 145
732 373
732 760
732 810
733 68
733 257
733 290
733 352
733 479
733 556
733 596
733 607
734 107
734 258
734 356
734 649
734 739
735 65
735 117
735 144
735 160
735 250
735 266
735 412
735 595
735 768
735 953
735 983
736 70
736 677
736 737
736 811
737 432
737 647
737 886
738 70
738 208
738 827
739 606
739 626
739 856
740 312
740 570
740 637
740 720
741 141
741 165
741 333
741 591
742 38
742 206
742 482
743 137
743 823
744 88
744 108
744 193
744 198
744 455
744 464
744 879
744 880
745 586
745 764
745 941
746 192
746 381
746 588
746 597
746 850
747 212
747 800
747 863
747 904
748 283
748 448
748 492
748 606
748 710
748 726
748 925
748 962
749 447
749 564
749 604
749 623
749 628
749 666
749 865
749 898
749 914
750 44
751 147
751 190
751 350
751 425
751 492
751 651
752 734
752 841
753 35
753 240
753 578
753 758
753 806
754 56
754 272
754 618
754 689
755 135
755 720
756 265
756 299
756 321
756 422
756 643
756 652
757 306
757 392
757 556
757 645
757 712
757 721
757 923
758 254
758 831
759 86
759 184
759 325
759 685
759 807
759 923
759 986
760 36
760 69
760 158
760 358
760 664
761 173
761 233
761 875
761 939
762 261
762 381
762 725
762 838
762 936
763 39
763 99
763 484
763 974
764 98
764 288
764 394
764 467
764 498
764 618
764 650
764 720
764 800
764 806
765 164
765 237
765 475
765 704
765 732
765 834
765 926
765 951
766 125
766 147
766 149
766 164
766 303
766 473
766 890
767 41
767 634
768 182
768 353
768 368
768 427
768 636
768 887
769 69
769 369
769 535
770 339
770 497
770 775
770 876
771 134
771 151
771 643
771 712
771 966
771 976
772 35
772 194
772 591
773 77
773 245
773 429
773 680
774 24
774 141
774 258
774 318
774 546
774 602
774 697
774 722
774 865
774 988
775 62
775 134
775 221
775 509
775 860
776 14
776 191
776 675
776 926
777 94
777 256
777 670
777 687
778 479
778 492
778 690
778 846
779 98
779 692
780 292
780 610
780 657
780 684
780 954
781 173
781 233
781 491
781 679
781 829
781 912
782 4
782 72
782 394
782 743
782 756
783 205
783 233
783 255
783 524
783 536
783 646
783 903
783 933
784 3
784 776
785 190
785 356
785 396
785 418
785 564
785 856
786 485
786 677
786 727
786 763
786 833
786 998
787 11
787 145
787 210
787 234
787 306
787 471
787 487
787 497
787 681
787 684
787 726
787 874
787 883
787 936
788 99
788 104
788 203
788 394
788 505
788 743
788 844
789 98
789 164
789 456
789 465
789 889
790 926
791 808
792 148
792 186
792 411
792 508
792 574
793 350
793 370
793 934
794 116
794 247
794 278
794 891
795 76
795 589
795 787
795 967
795 971
796 49
796 363
796 366
796 410
796 434
796 476
796 736
796 859
797 7
797 24
797 111
797 482
797 831
798 48
798 72
798 275
798 305
798 427
799 326
799 409
799 569
799 758
799 770
799 803
800 25
800 87
800 172
800 304
800 688
800 877
801 142
801 721
801 802
802 258
802 349
802 938
803 2
803 303
803 334
803 613
803 706
804 216
804 287
804 305
804 734
804 968
805 231
805 638
806 189
806 471
806 697
806 868
806 908
807 14
807 133
807 564
808 531
808 603
809 239
809 889
810 37
810 43
810 274
810 399
811 328
811 394
811 766
811 841
812 28
812 249
812 255
812 482
812 607
812 789
812 915
813 556
813 731
813 761
813 950
814 122
814 279
814 505
814 642
814 758
814 797
814 828
814 856
815 21
815 219
815 515
815 590
816 104
816 404
816 638
816 753
816 769
816 833
817 28
817 202
817 247
817 300
817 485
817 763
817 855
818 224
818 225
818 230
818 414
818 537
818 909
818 976
819 436
819 476
819 605
819 673
820 307
820 343
820 446
820 667
820 874
820 879
821 142
821 217
821 339
821 386
821 732
821 931
821 965
822 114
822 280
822 410
822 692
822 773
823 36
823 848
823 972
823 993
824 88
824 593
824 770
824 821
824 941
824 970
824 998
825 102
825 223
825 254
825 456
825 859
825 867
826 363
826 366
826 650
826 724
826 733
826 798
826 801
826 843
826 998
827 133
827 382
827 501
828 110
828 662
828 976
829 73
829 115
829 246
829 646
829 662
829 723
829 811
829 836
830 11
830 345
830 352
830 435
830 794
830 917
831 326
831 643
831 736
831 757
831 774
831 966
832 66
832 492
832 682
832 723
833 4
833 62
833 148
833 608
833 934
833 988
834 70
834 290
834 396
834 771
835 199
835 289
835 601
835 660
835 829
835 848
835 849
835 952
836 105
836 274
836 435
836 492
836 756
837 320
837 395
837 397
837 548
837 862
838 492
838 555
838 848
839 30
839 359
839 540
839 779
840 137
840 144
840 155
840 227
840 440
840 741
841 107
841 194
841 290
841 450
841 464
841 480
841 492
842 181
842 287
842 589
842 626
842 684
843 391
843 499
843 668
843 751
843 784
843 856
843 988
843 991
844 176
844 291
844 399
844 521
844 677
844 709
845 212
845 425
845 712
845 790
845 875
846 567
846 608
846 679
846 847
847 601
847 605
848 241
848 361
848 385
848 580
848 986
849 79
849 462
849 590
850 22
850 111
850 231
850 390
850 712
850 774
850 813
850 975
851 26
851 508
851 839
852 42
852 389
852 613
852 639
852 736
853 729
853 833
854 294
854 444
854 487
854 506
854 725
854 761
855 2
855 189
855 365
855 487
855 590
855 867
855 936
856 204
856 454
856 572
856 721
857 63
857 102
857 227
857 292
857 536
857 652
857 739
857 890
858 79
858 209
858 404
858 622
858 946
859 104
859 440
859 529
859 549
859 582
859 990
860 34
860 67
860 236
860 254
860 634
860 730
860 803
860 995
861 88
861 469
861 686
861 691
861 727
861 902
862 46
862 209
862 344
862 345
862 535
862 867
863 522
863 564
863 767
864 304
864 363
864 389
864 643
864 686
864 690
864 696
864 766
865 106
865 208
865 366
865 597
865 746
865 844
865 877
866 166
866 540
866 775
867 142
867 148
867 308
867 318
867 416
867 461
867 718
867 782
867 851
868 373
868 598
869 91
869 176
869 349
869 451
870 169
870 345
870 646
870 648
871 475
871 549
871 561
872 26
872 48
872 185
872 498
872 606
872 806
872 933
873 569
873 706
874 138
874 153
874 369
874 512
874 656
874 708
875 39
875 275
875 311
875 749
875 895
875 897
876 879
877 628
877 730
877 825
878 66
878 161
878 684
878 955
879 367
879 515
879 527
879 640
879 675
879 750
880 102
880 192
880 295
880 376
880 381
880 518
880 541
880 791
881 225
881 593
881 780
882 269
882 698
882 948
883 174
883 225
883 594
883 729
883 734
883 879
884 54
884 189
884 209
884 229
884 330
885 98
885 340
885 398
885 944
886 121
886 179
886 408
886 435
886 879
887 52
887 274
887 305
887 570
887 611
887 994
888 263
888 495
888 913
889 137
889 168
889 207
889 313
889 728
889 802
890 199
890 785
891 799
892 254
892 374
892 482
892 730
892 916
893 185
893 457
893 592
894 473
894 478
894 641
894 658
894 823
895 100
895 259
895 466
895 637
895 727
895 780
896 400
896 554
896 744
896 978
897 55
897 519
897 728
897 741
897 859
897 911
898 31
898 122
898 546
899 148
899 462
899 597
900 53
900 949
901 369
901 697
901 705
901 839
901 939
901 958
902 166
902 229
902 345
902 652
902 824
902 937
903 74
903 141
903 151
903 397
903 588
903 835
904 35
904 171
904 196
904 406
904 455
904 479
904 521
904 868
904 889
905 21
905 238
905 283
905 639
906 10
906 111
906 413
906 508
906 642
906 797
907 331
907 451
907 491
907 608
907 865
908 54
908 86
908 119
908 249
908 634
908 749
910 1
910 12
910 217
910 236
910 317
910 588
910 858
911 107
911 118
911 396
911 573
911 827
911 971
912 298
912 348
912 371
912 477
912 513
912 585
912 738
912 963
912 964
913 176
913 287
913 402
913 669
913 780
913 858
914 480
914 726
914 817
915 273
915 299
915 314
915 512
915 702
915 877
916 7
916 163
916 191
916 290
916 777
916 897
917 63
917 322
917 890
918 239
918 271
918 282
918 408
918 518
919 328
919 435
919 503
919 553
919 590
919 894
920 61
920 490
921 28
921 330
921 339
921 578
921 708
921 889
921 956
922 281
922 390
922 583
922 823
922 856
922 884
922 985
922 993
923 688
923 846
923 851
924 223
924 353
924 382
925 476
925 544
925 547
925 840
925 866
926 506
926 607
927 53
927 58
927 457
927 669
928 156
928 441
928 482
928 490
928 682
928 812
928 871
928 963
929 24
929 149
929 404
929 465
929 525
929 693
929 936
930 7
930 111
930 344
930 375
930 385
930 527
930 672
930 744
930 962
931 19
931 65
931 556
931 590
931 641
931 967
932 53
932 393
932 615
932 704
932 871
932 943
933 496
934 85
934 252
934 368
934 781
934 788
934 803
934 822
934 977
934 981
935 293
935 343
935 929
935 951
936 336
936 582
936 700
936 794
936 815
936 830
937 291
937 357
937 758
937 761
937 850
938 195
938 303
938 371
938 550
938 569
938 700
938 717
938 759
938 772
939 43
939 440
939 455
939 569
940 117
940 515
940 528
940 544
941 123
941 417
941 829
942 331
942 770
942 774
942 811
942 851
942 916
942 960
943 360
943 610
944 101
944 107
944 658
944 839
944 900
944 941
944 971
944 993
945 154
946 244
946 602
946 915
947 541
947 786
947 870
948 97
948 177
948 449
948 554
948 618
948 727
948 731
948 934
948 986
949 61
949 248
949 408
949 683
949 909
950 243
950 499
951 58
951 351
951 366
951 371
951 379
951 499
951 919
952 93
952 94
952 202
952 474
952 487
953 392
953 613
953 626
953 966
954 446
954 655
954 854
955 0
955 108
955 157
955 759
955 793
955 875
955 968
956 126
956 378
956 409
956 422
956 464
956 745
956 939
957 465
957 776
958 44
958 242
958 369
959 267
959 370
959 380
959 768
960 355
960 948
961 584
961 619
961 787
961 914
961 931
962 138
962 179
962 366
962 575
962 693
962 853
962 931
963 277
963 582
963 845
964 560
964 840
965 138
965 308
965 483
965 620
965 671
965 772
965 779
965 862
966 203
966 224
966 944
966 962
967 74
967 144
967 377
967 487
967 599
967 773
967 819
968 2
968 208
968 288
968 365
968 552
969 236
969 485
969 850
969 888
970 236
970 348
970 525
970 716
971 199
971 581
971 809
971 836
972 75
972 693
973 95
973 614
973 685
973 808
973 821
973 919
973 947
974 160
974 222
974 275
974 295
974 346
974 793
975 12
975 122
975 136
975 464
975 653
975 746
976 484
976 867
977 461
977 657
977 755
977 842
978 50
978 254
978 824
978 839
979 96
979 294
979 434
980 56
980 510
981 137
981 317
981 370
981 828
981 887
982 811
983 57
983 183
983 214
983 420
983 456
983 781
983 832
984 281
984 499
984 505
984 666
984 964
985 175
985 203
985 218
985 451
985 470
985 763
986 65
986 345
986 363
986 392
986 455
986 725
987 493
987 550
987 667
988 350
988 530
988 989
989 151
989 388
989 408
989 534
989 580
989 778
989 851
989 870
990 116
990 248
990 315
990 359
990 387
990 806
990 849
991 109
991 426
991 532
991 624
991 716
991 793
991 856
991 952
992 296
992 380
992 646
992 684
992 761
992 905
993 361
993 472
993 654
993 678
993 845
993 897
994 47
994 171
994 237
994 454
995 357
995 444
995 520
995 697
996 99
996 279
996 357
996 477
996 629
996 705
996 874
997 61
997 237
997 372
997 520
997 758
997 855
997 886
998 410
998 729
998 826
998 859
999 395
999 594
999 626
999 859
999 976
999 989
