1000
0 243
0 522
0 546
0 578
0 631
0 833
0 878
0 916
1 80
1 104
1 109
1 230
1 330
1 437
1 492
1 532
1 629
1 705
1 895
2 80
2 231
2 253
2 275
2 284
2 340
2 427
2 668
2 843
2 848
2 942
3 19
3 241
3 398
3 425
3 464
3 474
3 477
3 579
3 580
3 662
3 695
3 697
3 718
3 766
3 808
3 815
3 890
3 977
4 52
4 266
4 286
4 315
4 336
4 620
4 672
4 761
4 925
4 947
5 35
5 53
5 236
5 317
5 505
5 676
5 839
5 877
5 982
6 52
6 100
6 203
6 291
6 461
6 534
6 696
6 705
6 749
6 957
7 10
7 40
7 82
7 183
7 382
7 387
7 654
7 744
8 74
8 142
8 316
8 352
8 392
8 464
8 468
8 504
8 581
8 677
8 760
8 859
8 936
9 48
9 146
9 249
9 857
9 886
9 968
10 200
10 330
10 462
10 500
10 653
10 778
10 845
10 857
11 61
11 79
11 250
11 267
11 278
11 712
11 802
11 826
12 0
12 19
12 157
12 179
12 282
12 380
12 527
12 692
12 696
12 844
12 982
13 142
13 233
13 330
13 333
13 344
13 585
13 627
13 678
13 791
13 902
13 934
14 156
14 188
14 484
14 531
14 795
14 841
14 872
14 873
15 7
15 10
15 63
15 77
15 148
15 417
15 446
15 468
15 532
15 569
15 602
15 645
15 689
15 905
16 123
16 246
16 353
16 491
16 528
16 662
16 852
16 873
16 998
17 82
17 315
17 345
17 408
17 572
17 699
17 786
17 867
17 912
17 925
18 75
18 130
18 147
18 150
18 245
18 365
18 466
18 591
18 641
18 739
18 831
18 842
18 856
19 119
19 140
19 282
19 285
19 397
19 406
19 519
19 534
19 894
19 914
20 22
20 235
20 388
20 483
20 531
20 630
20 757
20 839
20 852
20 977
21 325
21 481
21 854
21 870
21 876
21 957
22 108
22 248
22 432
22 628
22 656
22 734
22 855
22 958
23 166
23 300
23 313
23 475
23 530
23 770
23 877
23 954
23 969
24 169
24 171
24 183
24 413
24 443
24 447
24 606
24 752
24 757
24 765
24 768
24 894
25 143
25 287
25 317
25 382
25 450
25 635
25 647
25 927
25 945
26 41
26 180
26 242
26 270
26 370
26 551
26 615
26 635
26 770
27 31
27 38
27 108
27 539
27 540
27 609
27 650
27 703
27 927
28 108
28 143
28 174
28 307
28 548
28 577
28 631
28 648
28 662
28 663
28 676
28 762
28 777
28 788
28 806
28 859
29 201
29 268
29 384
29 610
29 621
29 717
29 787
30 136
30 212
30 228
30 252
30 436
30 513
30 533
30 802
30 858
30 865
30 998
31 61
31 156
31 236
31 375
31 636
31 689
31 885
31 920
31 971
32 27
32 57
32 392
32 610
32 732
32 815
32 923
32 954
33 136
33 171
33 298
33 322
33 414
33 883
33 997
34 179
34 290
34 322
34 617
34 628
34 688
34 691
34 704
34 841
34 883
34 999
35 301
35 352
35 607
35 646
35 792
35 858
36 13
36 176
36 294
36 342
36 444
36 532
36 606
36 903
36 950
37 91
37 283
37 351
37 431
37 592
37 736
37 813
37 831
37 876
37 883
37 905
37 930
38 22
38 228
38 386
38 519
38 550
38 823
39 14
39 172
39 210
39 369
39 599
39 696
39 780
39 781
39 873
39 893
39 944
39 985
40 42
40 85
40 95
40 119
40 261
40 264
40 281
40 446
40 478
40 499
40 597
40 662
40 810
40 896
40 902
40 976
41 4
41 212
41 230
41 243
41 425
41 492
41 824
41 826
42 59
42 287
42 336
42 501
42 512
42 674
42 769
42 968
43 203
43 247
43 292
43 575
43 662
43 757
43 760
44 79
44 282
44 298
44 375
44 487
44 547
44 885
44 904
44 950
45 13
45 83
45 244
45 494
45 806
45 936
46 94
46 328
46 376
46 596
46 724
46 746
46 758
46 892
46 999
47 69
47 87
47 94
47 178
47 407
47 551
47 607
47 827
47 887
47 962
48 119
48 309
48 373
48 402
48 479
48 695
48 717
48 781
49 177
49 201
49 227
49 426
49 487
49 533
49 842
49 858
49 990
50 35
50 78
50 179
50 588
50 773
50 968
51 64
51 113
51 278
51 385
51 497
51 514
51 581
51 660
52 249
52 295
52 311
52 717
52 766
52 808
53 178
53 193
53 290
53 311
53 330
53 485
53 640
53 649
53 716
53 823
53 924
54 70
54 91
54 131
54 235
54 246
54 332
54 402
54 427
54 937
55 204
55 233
55 610
55 664
55 690
55 906
55 927
55 952
56 145
56 213
56 384
56 523
56 576
56 660
56 755
56 786
56 829
56 833
56 873
56 923
57 1
57 89
57 103
57 161
57 228
57 354
57 498
58 134
58 325
58 607
58 636
58 687
58 735
58 755
58 915
59 307
59 390
59 465
59 475
59 794
59 797
59 815
59 833
59 851
59 867
59 875
59 910
60 129
60 187
60 216
60 282
60 354
60 357
60 534
60 536
60 597
60 601
60 614
60 631
60 655
60 811
60 812
61 0
61 128
61 193
61 312
61 379
61 577
61 847
61 885
61 987
61 992
62 203
62 262
62 270
62 328
62 386
62 488
62 544
62 597
62 655
62 682
62 877
63 206
63 260
63 336
63 378
63 449
63 512
63 622
63 707
63 800
63 948
64 40
64 245
64 285
64 439
64 487
64 503
64 659
64 714
64 744
64 768
64 888
64 906
65 48
65 182
65 313
65 378
65 449
65 861
65 870
65 979
66 27
66 94
66 104
66 125
66 266
66 286
66 601
66 619
66 657
66 673
66 754
66 780
66 844
66 893
66 948
67 114
67 305
67 324
67 337
67 416
67 927
68 349
68 351
68 506
68 552
68 563
68 699
68 934
69 86
69 245
69 275
69 353
69 387
69 467
69 606
69 711
69 836
69 861
70 56
70 266
70 381
70 496
70 502
70 587
70 651
70 797
70 803
70 950
70 955
71 114
71 287
71 467
71 646
71 660
71 732
71 796
71 822
71 862
72 105
72 137
72 139
72 789
72 930
73 98
73 115
73 268
73 320
73 520
73 674
73 797
73 849
73 868
73 967
73 987
74 23
74 50
74 131
74 133
74 173
74 232
74 237
74 306
74 324
74 672
74 993
75 140
75 149
75 155
75 159
75 291
75 305
75 446
75 540
75 749
75 794
75 838
75 901
75 919
75 988
76 41
76 400
76 472
76 528
76 673
76 682
76 732
76 762
76 768
76 831
76 850
77 715
77 751
77 835
77 938
77 941
78 271
78 333
78 461
78 765
78 868
79 8
79 134
79 175
79 262
79 378
79 834
79 839
80 28
80 196
80 280
80 414
80 452
80 675
80 718
80 741
80 779
80 980
81 43
81 61
81 69
81 403
81 509
81 624
81 716
81 732
81 793
81 797
81 888
82 2
82 27
82 36
82 53
82 61
82 77
82 122
82 182
82 391
82 435
82 447
82 473
82 512
82 582
82 767
82 964
83 122
83 215
83 503
83 535
83 638
83 725
83 740
83 879
83 893
83 908
83 960
84 77
84 122
84 146
84 519
84 744
84 821
84 882
84 885
84 956
85 16
85 54
85 90
85 106
85 157
85 180
85 264
85 656
85 702
85 836
85 841
85 953
86 110
86 498
86 588
86 649
86 804
86 863
86 891
86 899
86 926
87 338
87 460
87 565
87 599
87 727
87 840
87 861
87 917
88 165
88 228
88 339
88 456
88 587
88 633
88 692
88 736
88 771
88 785
88 953
89 51
89 162
89 167
89 188
89 535
89 536
89 610
89 671
89 855
89 952
90 39
90 172
90 210
90 243
90 325
90 397
90 584
90 597
90 853
90 937
90 982
91 12
91 41
91 47
91 108
91 271
91 296
91 393
91 441
91 474
91 562
91 602
91 647
91 776
91 843
92 154
92 204
92 291
92 309
92 327
92 387
92 444
92 557
92 704
92 778
92 802
92 804
92 894
92 904
92 938
93 7
93 129
93 138
93 163
93 374
93 454
93 473
93 532
93 538
93 565
93 626
93 636
94 47
94 68
94 171
94 173
94 360
94 399
94 451
94 466
94 979
95 7
95 30
95 181
95 240
95 311
95 318
95 325
95 353
95 380
95 432
95 603
95 732
96 141
96 180
96 229
96 259
96 360
96 632
96 672
96 893
96 939
97 22
97 67
97 78
97 194
97 216
97 295
97 392
97 424
97 541
97 646
97 705
97 791
97 800
97 815
97 891
97 896
98 90
98 260
98 472
98 481
98 584
98 687
98 719
98 849
98 857
99 203
99 330
99 361
99 456
99 481
99 605
99 634
99 925
99 986
100 177
100 237
100 400
100 408
100 412
100 505
100 637
100 718
100 921
101 194
101 241
101 328
101 531
101 591
101 659
101 666
101 877
101 952
102 8
102 40
102 122
102 211
102 219
102 273
102 407
102 443
102 479
102 671
102 700
102 701
102 720
102 886
102 900
102 940
102 972
103 82
103 315
103 330
103 434
103 437
103 440
103 661
103 683
103 697
104 113
104 277
104 678
104 772
104 847
104 931
105 84
105 141
105 247
105 388
105 439
105 518
105 629
105 764
105 850
105 905
105 957
106 105
106 301
106 416
106 443
106 445
106 450
106 588
106 589
106 602
106 608
106 657
106 834
106 914
106 918
107 73
107 213
107 246
107 357
107 409
107 717
107 736
107 752
107 935
107 954
107 990
108 152
108 266
108 338
108 439
108 470
108 585
108 617
108 642
108 705
108 931
109 28
109 226
109 234
109 580
109 586
109 739
109 782
109 951
110 66
110 345
110 529
110 532
110 569
110 657
110 775
111 57
111 152
111 239
111 377
111 500
111 568
111 605
111 722
111 750
111 886
112 252
112 435
112 447
112 602
112 620
112 837
112 941
113 30
113 159
113 230
113 342
113 433
113 523
113 524
113 531
113 691
113 819
114 214
114 305
114 319
114 340
114 499
114 652
114 741
114 772
114 931
114 996
115 27
115 40
115 220
115 367
115 439
115 453
115 455
115 501
115 524
115 591
115 601
115 714
115 741
115 818
115 955
116 7
116 8
116 131
116 176
116 201
116 316
116 330
116 409
116 474
116 555
116 576
117 35
117 57
117 503
117 594
117 764
117 833
117 937
117 939
118 40
118 308
118 405
118 438
118 456
118 550
118 591
119 93
119 130
119 215
119 520
119 591
119 833
120 168
120 198
120 207
120 217
120 561
120 816
120 900
121 51
121 243
121 306
121 379
121 432
121 585
121 680
121 702
121 734
121 744
122 116
122 148
122 156
122 241
122 439
122 441
122 451
122 536
122 539
122 607
122 681
122 743
122 766
122 818
122 883
123 336
123 376
123 494
123 497
123 552
123 708
123 736
123 738
123 885
124 63
124 304
124 384
124 834
124 842
124 931
124 959
124 999
125 96
125 133
125 223
125 356
125 366
125 556
125 596
125 628
125 886
125 941
126 177
126 383
126 388
126 517
126 576
126 741
126 817
126 856
126 902
126 953
127 36
127 152
127 157
127 245
127 330
127 352
127 377
127 423
127 551
127 624
127 859
127 888
127 901
127 917
127 952
127 973
127 992
128 31
128 140
128 173
128 192
128 205
128 315
128 356
128 553
128 777
128 975
129 201
129 255
129 581
129 743
129 795
129 797
129 982
130 272
130 442
130 472
130 480
130 670
130 816
130 974
131 68
131 372
131 482
131 484
131 506
131 554
131 646
131 704
131 815
131 827
131 828
131 948
132 43
132 198
132 330
132 343
132 367
132 509
132 560
132 647
132 693
132 869
133 74
133 485
133 495
133 521
133 624
133 631
133 701
133 724
133 796
133 832
133 847
133 875
133 899
133 905
133 924
133 929
134 70
134 85
134 248
134 284
134 323
134 395
134 425
134 591
134 640
134 953
134 960
134 988
135 71
135 164
135 262
135 774
135 899
135 900
135 912
136 12
136 134
136 182
136 184
136 188
136 360
136 502
136 546
136 633
136 736
136 784
136 812
136 830
136 998
137 60
137 65
137 96
137 148
137 213
137 240
137 458
137 905
137 971
138 23
138 160
138 244
138 382
138 527
138 853
138 891
138 896
139 116
139 122
139 163
139 185
139 291
139 425
139 630
139 644
139 834
140 5
140 87
140 357
140 371
140 416
140 552
140 605
140 755
140 804
140 897
141 229
141 446
141 576
141 667
141 996
142 5
142 31
142 588
142 612
143 214
143 332
143 440
143 491
143 518
143 585
143 601
143 668
143 777
144 63
144 159
144 176
144 189
144 202
144 237
144 279
144 286
144 400
144 770
144 797
144 810
144 857
144 961
145 115
145 369
145 403
145 448
145 508
145 548
145 777
145 803
145 936
145 960
146 19
146 108
146 293
146 348
146 429
146 588
146 619
146 621
146 691
146 747
146 785
146 853
147 150
147 159
147 233
147 274
147 658
147 822
148 17
148 109
148 177
148 497
148 616
148 732
148 742
148 746
148 752
148 924
149 35
149 204
149 227
149 246
149 261
149 316
149 327
149 342
149 436
149 500
149 531
149 621
149 695
149 710
149 748
149 859
149 949
149 973
150 99
150 312
150 343
150 354
150 562
150 565
150 723
150 835
151 311
151 379
151 421
151 441
151 961
152 391
152 607
152 635
152 777
152 816
152 935
152 948
152 960
153 78
153 176
153 367
153 395
153 610
153 912
153 930
154 105
154 171
154 221
154 223
154 490
154 558
154 572
154 657
154 682
154 720
154 741
154 942
154 952
155 58
155 352
155 389
155 400
155 464
155 516
155 590
155 638
155 725
155 762
155 830
155 833
155 982
156 34
156 46
156 262
156 348
156 375
156 406
156 462
156 478
156 650
156 679
156 700
156 714
156 756
156 762
156 786
157 16
157 25
157 160
157 495
157 503
157 515
157 522
157 724
157 915
157 927
157 973
157 994
158 34
158 242
158 301
158 483
158 506
158 614
158 649
158 683
158 801
158 844
158 845
158 901
158 916
159 75
159 130
159 360
159 382
159 653
159 729
159 750
159 888
160 221
160 344
160 387
160 432
160 465
160 543
160 654
160 663
160 750
160 789
160 885
160 892
160 929
161 277
161 301
161 337
161 355
161 537
161 546
161 664
161 762
161 773
161 950
161 979
161 999
162 326
162 532
162 740
162 795
162 890
162 921
162 955
163 48
163 296
163 322
163 557
163 607
163 846
163 996
164 34
164 202
164 230
164 248
164 262
164 351
164 689
164 705
164 787
164 885
165 4
165 59
165 246
165 288
165 361
165 380
165 396
165 513
165 571
165 599
165 804
165 834
165 878
165 936
165 989
166 163
166 246
166 330
166 474
166 502
166 830
167 37
167 40
167 246
167 303
167 363
167 372
167 393
167 421
167 518
167 705
167 918
168 5
168 20
168 114
168 128
168 157
168 233
168 370
168 427
168 445
168 496
168 543
168 571
168 864
168 938
168 993
169 136
169 186
169 248
169 308
169 325
169 404
169 701
169 717
169 784
169 902
170 30
170 328
170 349
170 507
170 525
170 555
170 782
170 938
171 151
171 277
171 326
171 380
172 79
172 171
172 225
172 324
172 463
172 707
172 712
172 740
172 762
172 798
172 817
172 875
172 922
172 947
172 985
173 122
173 152
173 191
173 234
173 411
173 463
173 602
173 830
173 876
173 894
173 959
173 965
174 32
174 145
174 225
174 331
174 355
174 364
174 490
174 531
174 600
174 659
174 718
174 896
174 909
174 955
175 213
175 249
175 252
175 338
175 343
175 398
175 438
175 456
175 623
175 702
175 760
175 788
175 906
175 929
175 967
176 64
176 167
176 287
176 290
176 385
176 402
176 528
176 592
176 653
176 873
176 954
176 999
177 9
177 29
177 38
177 263
177 293
177 297
177 421
177 595
177 970
178 71
178 342
178 472
178 521
178 773
178 926
178 928
178 991
179 49
179 95
179 186
179 383
179 404
179 444
179 458
179 469
179 483
179 516
179 982
180 43
180 103
180 172
180 212
180 213
180 253
180 291
180 292
180 451
180 455
180 496
181 103
181 200
181 225
181 314
181 327
181 340
181 436
181 506
181 533
181 692
181 819
182 37
182 55
182 117
182 308
182 327
182 438
182 703
182 747
182 906
182 953
182 994
183 23
183 88
183 146
183 223
183 227
183 283
183 364
183 535
183 566
183 599
183 793
183 845
183 859
183 911
184 58
184 132
184 156
184 346
184 495
184 565
184 580
184 609
184 715
184 758
184 770
184 796
184 808
184 960
185 21
185 175
185 225
185 300
185 321
185 532
185 533
185 587
185 599
185 748
185 810
185 999
186 80
186 203
186 249
186 378
186 405
186 451
186 573
186 634
186 661
186 747
186 773
186 874
187 15
187 48
187 284
187 306
187 386
187 421
187 432
187 505
187 520
187 567
187 573
187 671
187 688
187 789
188 23
188 103
188 739
188 783
189 30
189 151
189 230
189 503
189 548
189 646
190 81
190 218
190 240
190 344
190 548
190 910
190 999
191 239
191 269
191 329
191 392
191 822
191 857
192 91
192 128
192 148
192 270
192 306
192 315
192 463
192 496
192 533
192 641
192 667
192 763
192 794
192 934
193 48
193 56
193 85
193 171
193 232
193 610
193 670
193 677
193 749
193 800
193 856
193 939
194 71
194 207
194 356
194 485
194 488
194 574
194 605
194 614
194 844
195 373
195 387
195 454
195 526
195 585
195 801
196 177
196 277
196 294
196 307
196 367
196 508
196 648
196 779
196 949
196 984
197 87
197 217
197 296
197 425
197 426
197 459
197 466
197 672
197 715
197 782
197 828
197 967
198 311
198 373
198 402
198 522
198 552
198 717
199 147
199 158
199 268
199 309
199 380
199 418
199 438
199 559
199 575
199 595
199 619
199 667
200 138
200 265
200 284
200 404
200 408
200 737
200 860
200 865
200 947
201 21
201 83
201 377
201 602
201 619
201 819
201 820
201 973
201 984
202 41
202 274
202 552
202 663
202 744
202 799
202 944
203 137
203 189
203 353
203 637
203 682
203 730
203 782
203 867
203 941
203 945
204 5
204 44
204 69
204 72
204 219
204 271
204 323
204 336
204 561
204 571
204 606
204 708
204 725
204 853
204 861
204 900
204 937
204 980
205 220
205 326
205 562
205 616
205 695
205 956
205 974
206 43
206 57
206 116
206 254
206 366
206 470
206 508
206 513
206 681
206 785
206 877
206 908
206 935
206 941
207 106
207 133
207 208
207 322
207 363
207 433
207 526
207 665
207 705
208 28
208 36
208 500
208 527
208 648
208 924
209 8
209 126
209 240
209 291
209 319
209 329
209 344
209 525
209 677
210 12
210 37
210 103
210 112
210 184
210 278
210 345
210 396
210 453
210 681
210 727
210 868
210 936
210 987
211 41
211 158
211 191
211 363
211 564
211 652
211 723
211 900
212 38
212 44
212 198
212 402
212 424
212 433
212 481
212 633
212 680
212 689
212 693
212 702
212 763
212 829
212 883
212 965
213 3
213 59
213 144
213 357
213 476
213 529
213 843
213 954
214 319
214 457
214 571
214 686
214 719
215 2
215 32
215 91
215 224
215 277
215 351
215 401
215 485
215 548
215 691
215 825
215 859
215 882
215 885
215 945
216 24
216 40
216 304
216 306
216 338
216 435
216 506
216 588
216 903
216 937
217 17
217 28
217 122
217 256
217 291
217 441
217 555
217 714
217 822
217 843
217 931
217 955
218 51
218 60
218 148
218 183
218 311
218 411
218 417
218 511
218 620
219 180
219 281
219 425
219 661
219 705
219 829
219 864
219 885
219 898
219 924
220 21
220 37
220 90
220 256
220 281
220 291
220 410
220 517
220 641
220 742
221 27
221 160
221 286
221 309
221 411
221 510
221 589
221 622
221 774
221 780
221 858
221 911
222 1
222 289
222 300
222 418
222 438
222 768
222 823
222 826
222 930
223 21
223 27
223 66
223 259
223 319
223 320
223 405
223 641
223 992
224 185
224 223
224 324
224 378
224 486
224 498
224 627
224 825
224 945
225 29
225 54
225 160
225 293
225 463
225 712
225 777
225 797
225 845
226 353
226 394
226 556
226 790
226 875
226 966
227 9
227 47
227 166
227 211
227 394
227 535
227 615
227 933
227 939
228 146
228 186
228 294
228 499
228 570
228 626
228 667
228 790
228 960
229 9
229 418
229 572
229 805
229 982
230 98
230 179
230 253
230 277
230 335
230 449
230 508
230 685
230 701
230 793
230 824
230 879
230 957
231 378
231 399
231 433
231 576
231 595
231 670
231 697
231 814
231 887
232 95
232 244
232 506
232 540
232 583
232 629
232 729
232 807
232 892
233 85
233 194
233 552
233 681
233 713
233 845
233 892
233 933
234 44
234 68
234 92
234 98
234 337
234 703
234 734
234 898
234 909
235 35
235 118
235 210
235 230
235 259
235 280
235 347
235 356
235 425
235 440
235 513
235 554
235 647
235 694
235 713
235 971
236 102
236 108
236 182
236 252
236 293
236 354
236 560
236 718
236 898
236 938
236 997
237 3
237 44
237 64
237 72
237 303
237 514
237 525
237 818
237 842
237 873
237 929
237 964
238 19
238 51
238 57
238 255
238 425
238 442
238 521
238 701
238 750
238 965
238 986
239 55
239 73
239 201
239 217
239 384
239 530
239 638
239 744
239 767
239 781
239 932
239 958
240 32
240 327
240 364
240 406
240 513
240 638
240 672
240 743
241 21
241 136
241 152
241 426
241 563
241 649
241 683
241 805
241 869
241 921
242 85
242 109
242 124
242 160
242 476
242 964
243 51
243 174
243 314
243 403
243 417
243 464
243 507
243 523
243 809
243 817
243 922
243 973
244 321
244 352
244 372
244 381
244 384
244 436
244 589
244 851
245 60
245 403
245 581
245 658
245 742
245 909
246 74
246 91
246 212
246 220
246 293
246 525
246 739
246 756
246 921
246 955
247 8
247 81
247 361
247 390
247 409
247 623
247 646
248 226
248 247
248 634
248 639
248 686
248 697
248 858
249 23
249 40
249 110
249 220
249 262
249 310
249 327
249 393
249 455
249 575
249 618
249 735
249 816
249 850
249 888
250 61
250 115
250 124
250 360
250 486
250 604
250 801
250 844
251 7
251 201
251 354
251 443
251 448
251 632
251 718
251 789
251 812
252 13
252 117
252 321
252 379
252 462
252 522
252 530
252 609
252 624
252 692
252 751
252 757
252 785
252 909
253 29
253 46
253 65
253 220
253 341
253 361
253 727
253 870
253 943
254 30
254 203
254 256
254 265
254 366
254 413
254 464
254 484
254 778
254 876
254 926
254 988
255 136
255 319
255 335
255 351
255 409
255 566
255 612
255 802
255 820
255 942
255 983
256 16
256 79
256 96
256 184
256 471
256 631
256 661
256 679
256 733
256 819
256 904
256 993
257 164
257 233
257 327
257 370
257 394
257 634
257 661
257 854
258 21
258 30
258 40
258 475
258 632
258 832
258 837
258 910
258 951
259 71
259 110
259 136
259 207
259 362
259 391
259 541
259 590
259 642
259 710
259 762
259 834
259 878
259 942
260 190
260 252
260 513
260 539
260 640
260 769
260 807
260 808
260 855
260 888
260 966
261 42
261 132
261 163
261 182
261 348
261 415
261 495
261 903
262 137
262 148
262 211
262 244
262 326
262 384
262 540
262 578
262 689
262 897
262 948
263 94
263 477
263 698
263 765
263 815
263 901
264 17
264 21
264 221
264 288
264 293
264 421
264 426
264 693
264 961
265 35
265 90
265 260
265 313
265 316
265 451
265 674
265 709
265 846
266 67
266 107
266 160
266 162
266 204
266 283
266 421
266 475
266 565
266 570
266 636
266 800
266 961
267 151
267 263
267 313
267 363
267 416
267 423
267 454
267 463
267 562
267 596
267 635
267 944
268 67
268 152
268 153
268 203
268 310
268 390
268 504
268 713
268 737
268 818
268 822
268 932
268 947
268 965
268 970
268 995
269 95
269 120
269 203
269 213
269 313
269 351
269 527
269 530
269 566
269 602
269 676
269 771
269 989
270 17
270 34
270 35
270 584
270 632
270 658
270 718
270 891
270 950
270 963
271 85
271 96
271 292
271 458
271 506
271 523
271 548
271 570
271 623
271 655
271 799
271 877
271 998
272 3
272 15
272 97
272 288
272 629
272 767
273 0
273 100
273 104
273 108
273 122
273 299
273 303
273 337
273 525
273 526
273 554
273 556
273 617
273 632
273 766
273 909
273 922
274 115
274 119
274 217
274 273
274 316
274 551
274 634
274 788
274 801
274 828
275 35
275 37
275 177
275 351
275 373
275 482
275 533
275 603
275 678
275 942
276 62
276 215
276 262
276 378
276 438
276 444
276 538
276 573
276 599
276 645
276 778
276 973
277 352
277 362
277 700
278 9
278 56
278 390
278 815
278 910
279 117
279 209
279 549
279 644
279 720
279 722
279 740
279 852
279 878
279 947
280 38
280 105
280 116
280 125
280 162
280 176
280 339
280 372
280 407
280 433
280 446
280 653
280 734
280 902
281 38
281 44
281 45
281 147
281 461
281 516
281 612
281 613
281 668
282 250
282 289
282 466
282 515
282 675
282 677
283 185
283 342
283 392
283 561
283 577
283 623
283 800
284 68
284 177
284 234
284 452
284 724
284 753
284 797
284 900
285 324
285 615
285 711
286 37
286 196
286 211
286 426
286 598
286 967
286 977
287 345
287 459
287 543
287 551
287 622
287 654
287 656
287 784
287 866
287 944
288 18
288 37
288 71
288 187
288 348
288 443
288 562
288 756
288 791
288 792
288 863
289 124
289 198
289 229
289 318
289 401
289 483
289 708
289 808
289 889
289 957
290 97
290 310
290 468
290 511
290 707
290 737
290 744
290 894
290 906
290 960
291 30
291 37
291 214
291 332
291 342
291 402
291 745
291 778
291 858
291 897
291 974
292 51
292 279
292 293
292 386
292 475
292 484
292 506
292 650
292 823
292 852
293 5
293 58
293 381
293 538
293 570
293 585
293 611
293 898
293 901
293 941
294 75
294 544
294 569
294 580
294 673
294 936
295 16
295 36
295 308
295 400
295 575
295 604
295 663
295 769
295 805
296 0
296 38
296 342
296 466
296 542
296 574
296 685
296 690
296 717
296 866
296 907
296 949
296 979
297 100
297 132
297 142
297 236
297 649
297 683
297 967
298 183
298 281
298 534
298 729
298 979
299 2
299 22
299 101
299 240
299 267
299 520
299 681
299 756
299 832
299 847
299 874
299 937
299 952
299 970
300 97
300 202
300 341
300 354
300 490
300 517
300 647
300 648
300 659
300 724
300 865
300 917
300 919
301 338
301 388
301 494
301 697
301 850
302 160
302 203
302 481
302 880
303 170
303 172
303 218
303 468
303 571
303 667
303 878
303 977
304 140
304 286
304 352
304 509
304 561
304 697
304 711
304 795
304 857
305 211
305 310
305 396
305 452
305 495
305 628
305 640
305 895
305 898
305 912
305 933
306 391
306 522
306 771
306 778
306 964
307 65
307 97
307 127
307 273
307 447
307 714
307 731
307 900
307 939
307 941
308 74
308 207
308 425
308 488
308 513
308 523
308 557
308 581
308 608
308 763
308 844
308 851
308 875
308 994
309 98
309 457
309 503
309 710
309 716
309 718
309 737
310 6
310 73
310 86
310 97
310 101
310 119
310 250
310 377
310 393
310 625
310 737
310 784
310 817
310 973
310 977
311 48
311 82
311 133
311 143
311 278
311 280
311 310
311 500
311 517
311 738
311 802
311 978
312 40
312 164
312 193
312 231
312 492
312 512
312 647
312 697
312 704
312 814
312 815
312 852
312 874
312 946
313 268
313 271
313 366
313 394
313 720
313 744
313 911
313 979
314 142
314 267
314 407
314 731
314 967
315 338
315 383
315 400
315 413
315 437
315 476
315 731
315 878
315 896
315 939
316 9
316 40
316 145
316 403
316 567
316 678
316 721
316 854
316 941
316 965
317 0
317 17
317 74
317 437
317 651
318 302
318 446
318 500
318 502
318 560
318 682
318 829
318 901
319 139
319 199
319 422
319 493
319 851
319 852
319 871
320 215
320 250
320 262
320 266
320 379
320 427
320 650
320 780
320 798
320 809
320 864
321 176
321 221
321 327
321 557
321 623
321 709
321 762
321 861
321 911
321 992
322 83
322 248
322 409
322 807
323 49
323 378
323 475
323 553
323 667
323 760
323 785
323 941
323 946
324 128
324 348
324 629
324 670
324 709
324 909
324 987
325 30
325 487
325 677
325 852
325 876
325 923
326 92
326 170
326 186
326 198
326 256
326 295
326 421
326 594
326 734
326 939
326 990
327 189
327 216
327 248
327 385
327 565
327 579
327 881
327 924
328 268
328 409
328 600
328 707
328 870
328 933
328 972
329 109
329 276
329 318
329 351
329 513
329 558
329 730
329 826
329 852
329 937
330 62
330 154
330 157
330 235
330 452
330 461
330 483
330 702
330 776
330 804
331 635
331 830
331 888
331 952
332 341
332 410
332 611
332 644
332 837
332 895
332 948
332 964
332 969
332 994
333 32
333 41
333 98
333 122
333 173
333 186
333 252
333 338
333 348
333 419
333 800
333 815
333 867
334 4
334 75
334 98
334 534
334 845
334 966
334 975
335 351
335 578
335 610
335 741
335 776
335 792
335 835
336 3
336 159
336 239
336 279
336 386
336 398
336 405
336 451
336 480
336 642
336 946
337 101
337 343
337 400
337 538
337 641
337 891
338 165
338 227
338 264
338 387
338 602
338 626
338 718
338 738
338 739
338 786
338 899
339 119
339 158
339 298
339 364
339 376
339 451
339 452
339 762
339 867
340 65
340 231
340 241
340 545
340 547
340 559
340 582
340 667
340 850
341 82
341 209
341 255
341 507
341 664
341 723
341 738
341 813
342 82
342 249
342 271
342 431
342 592
342 705
342 904
342 963
343 63
343 145
343 152
343 212
343 379
343 482
343 509
343 600
343 601
343 617
343 719
343 827
343 849
344 38
344 98
344 110
344 125
344 402
344 479
344 577
344 579
344 843
344 909
344 933
344 951
345 19
345 28
345 56
345 91
345 118
345 158
345 227
345 553
345 622
345 648
345 855
345 974
345 995
346 171
346 184
346 204
346 226
346 344
346 436
346 463
346 573
346 688
346 731
346 925
347 25
347 118
347 125
347 144
347 155
347 307
347 425
347 603
347 645
347 718
347 983
348 124
348 127
348 143
348 155
348 239
348 271
348 305
348 317
348 429
348 577
348 595
348 676
348 702
349 149
349 150
349 156
349 264
349 271
349 295
349 456
349 684
349 694
349 702
349 740
349 766
349 783
349 791
349 837
349 891
350 8
350 46
350 70
350 98
350 207
350 343
350 563
350 661
350 686
350 706
350 798
350 918
350 921
351 79
351 190
351 394
351 458
351 607
351 662
351 809
351 841
351 942
351 958
352 98
352 122
352 704
352 913
352 938
353 59
353 140
353 218
353 260
353 379
353 437
353 439
353 678
353 698
353 747
353 750
353 766
353 790
353 986
354 39
354 110
354 198
354 212
354 243
354 371
354 400
354 550
354 704
354 893
354 982
354 994
355 116
355 119
355 185
355 203
355 221
355 727
355 736
355 847
355 875
356 20
356 35
356 156
356 279
356 490
356 547
356 655
356 680
356 692
356 714
356 976
357 41
357 88
357 173
357 333
357 405
357 886
357 971
358 145
358 430
358 538
358 646
358 696
358 942
358 954
359 11
359 14
359 29
359 148
359 219
359 241
359 250
359 346
359 501
359 821
359 841
359 914
359 975
360 126
360 133
360 512
360 630
360 696
360 741
361 56
361 97
361 145
361 178
361 360
361 416
361 437
361 477
361 582
361 665
361 673
361 682
361 775
361 875
361 920
362 120
362 150
362 194
362 386
362 457
362 772
362 793
362 910
363 142
363 234
363 245
363 273
363 338
363 347
363 485
363 541
363 583
363 912
363 957
364 35
364 60
364 237
364 251
364 307
364 383
364 628
364 727
364 918
365 75
365 104
365 316
365 434
365 532
365 578
365 729
365 915
366 16
366 100
366 133
366 388
366 546
366 635
366 774
366 960
367 20
367 41
367 175
367 300
367 554
367 614
367 940
367 948
367 970
368 320
368 373
368 495
368 789
368 959
369 167
369 232
369 437
369 521
369 558
369 743
369 775
369 934
369 938
370 28
370 44
370 51
370 132
370 155
370 205
370 299
370 435
370 739
370 743
370 758
370 792
371 85
371 228
371 326
371 650
371 850
372 4
372 76
372 276
372 640
372 758
372 763
372 895
372 912
372 973
372 998
373 72
373 119
373 144
373 265
373 376
373 457
373 690
373 702
373 979
374 115
374 344
374 360
374 362
374 388
374 404
374 442
374 483
374 597
374 654
374 663
374 698
375 18
375 298
375 356
375 383
375 518
375 589
375 598
375 665
375 840
376 231
376 235
376 314
376 315
376 438
376 457
376 553
376 769
376 955
376 984
377 69
377 306
377 574
377 941
377 951
378 33
378 65
378 191
378 351
378 379
378 552
378 651
378 716
378 749
378 802
378 879
378 996
379 62
379 324
379 336
379 402
379 748
379 773
379 843
379 882
380 49
380 193
380 298
380 438
380 521
380 698
380 876
380 966
381 18
381 74
381 173
381 279
381 339
381 422
381 687
381 735
381 795
381 816
381 867
382 108
382 211
382 220
382 349
382 400
382 599
382 849
383 23
383 253
383 305
383 389
383 488
383 494
383 639
383 742
383 818
383 847
383 857
383 937
383 971
384 55
384 155
384 250
384 292
384 775
384 828
385 58
385 105
385 273
385 453
385 523
385 557
385 786
385 901
386 186
386 211
386 257
386 419
386 611
386 624
386 870
386 908
386 957
387 80
387 243
387 340
387 427
387 458
387 478
387 513
387 608
387 776
387 808
387 843
387 888
388 10
388 154
388 428
388 638
388 733
388 827
388 829
388 896
389 291
389 336
389 354
389 387
389 394
389 478
389 656
389 712
389 872
389 904
390 133
390 134
390 197
390 283
390 641
390 696
390 727
390 859
391 152
391 295
391 319
391 359
391 530
391 595
391 620
391 821
391 927
391 953
392 15
392 108
392 194
392 231
392 266
392 306
392 316
392 405
392 438
392 466
392 513
392 523
392 528
392 761
392 849
392 883
392 926
393 38
393 63
393 95
393 325
393 374
393 464
393 666
393 683
393 804
393 952
394 147
394 182
394 256
394 545
394 772
394 775
394 789
394 811
394 852
394 881
395 95
395 104
395 174
395 187
395 257
395 263
395 267
395 445
395 806
395 820
395 934
395 963
396 121
396 232
396 250
396 262
396 333
396 445
396 449
396 463
396 520
396 598
396 647
397 86
397 195
397 266
397 283
397 409
397 416
397 419
397 579
397 778
397 872
398 14
398 92
398 112
398 137
398 204
398 540
398 674
398 750
399 17
399 47
399 230
399 381
399 403
399 942
399 961
400 1
400 50
400 62
400 743
401 0
401 46
401 224
401 318
401 386
401 606
401 663
401 750
401 773
401 849
402 59
402 60
402 279
402 329
402 425
402 589
402 683
402 720
402 794
402 998
403 83
403 140
403 156
403 406
403 787
403 800
403 887
404 105
404 227
404 367
404 368
404 534
404 679
404 692
404 766
404 951
405 2
405 57
405 364
405 420
405 620
405 718
405 931
405 947
405 994
406 2
406 327
406 523
406 535
406 582
406 699
406 720
406 866
407 220
407 687
407 704
407 834
408 129
408 458
408 484
408 530
408 710
408 798
408 820
408 823
408 878
408 974
408 999
409 38
409 210
409 360
409 489
409 552
409 563
409 727
409 838
409 944
409 990
410 119
410 132
410 169
410 193
410 293
410 353
410 429
410 489
410 581
410 634
410 687
410 939
410 967
411 16
411 72
411 128
411 354
411 628
411 756
411 760
411 771
411 969
411 983
412 106
412 122
412 216
412 399
412 634
412 671
412 939
413 115
413 131
413 314
413 458
413 481
413 516
413 530
413 544
413 599
413 740
413 953
413 970
414 141
414 205
414 270
414 389
414 576
414 656
414 688
414 842
414 873
414 909
414 963
414 964
414 965
414 967
414 981
415 44
415 153
415 344
415 602
415 704
415 733
415 859
415 881
416 201
416 317
416 434
416 455
416 554
416 609
416 881
417 214
417 389
417 397
417 445
417 502
417 570
417 640
417 672
417 687
417 778
417 931
418 3
418 144
418 169
418 185
418 377
418 397
418 453
418 485
418 487
418 632
418 753
418 836
418 898
418 987
419 130
419 156
419 182
419 231
419 288
419 289
419 384
419 446
419 698
419 755
419 909
420 9
420 66
420 109
420 231
420 266
420 418
420 448
420 728
420 736
420 879
420 966
421 299
421 309
421 381
421 512
421 578
421 618
421 667
421 710
421 773
421 824
422 44
422 53
422 206
422 442
422 507
422 583
422 603
422 645
422 817
422 924
422 949
423 45
423 95
423 114
423 384
423 466
423 590
423 603
423 814
423 865
424 130
424 166
424 271
424 399
424 659
424 869
424 889
424 971
425 12
425 24
425 71
425 268
425 279
425 433
425 477
425 772
425 811
425 819
425 871
425 943
425 968
426 95
426 128
426 203
426 219
426 402
426 578
426 633
426 676
426 962
426 978
426 983
427 47
427 123
427 161
427 196
427 208
427 302
427 393
427 552
427 555
427 733
427 826
428 66
428 79
428 519
428 630
428 639
428 688
428 703
428 768
428 778
428 956
429 4
429 54
429 73
429 99
429 111
429 261
429 365
429 367
429 426
429 457
429 528
429 581
429 657
429 686
429 699
429 773
429 842
429 970
430 228
430 314
430 341
430 591
430 677
430 688
430 800
430 821
431 13
431 171
431 279
431 413
431 428
431 508
431 519
431 682
431 788
431 924
431 937
431 969
431 981
432 136
432 713
432 794
432 810
432 869
432 871
433 143
433 196
433 210
433 233
433 406
433 478
433 624
433 704
433 769
433 804
434 69
434 358
434 359
434 372
434 382
434 450
434 500
434 639
434 682
434 726
434 752
434 782
434 816
435 32
435 127
435 134
435 157
435 261
435 293
435 305
435 349
435 811
435 861
435 940
435 963
436 100
436 161
436 360
436 622
436 652
436 768
436 873
437 98
437 103
437 482
437 560
437 607
437 663
437 741
437 781
437 784
437 822
437 905
438 139
438 172
438 389
438 497
438 702
438 823
438 828
438 840
438 944
439 75
439 182
439 376
439 387
439 448
439 452
439 461
439 477
439 500
439 531
439 609
439 667
439 761
439 793
440 53
440 153
440 171
440 345
440 386
440 646
440 662
440 843
441 31
441 108
441 211
441 333
441 353
441 432
441 443
441 483
441 539
441 757
441 949
442 366
442 424
442 471
442 593
442 684
443 126
443 183
443 234
443 297
443 588
443 727
443 807
443 912
444 54
444 155
444 277
444 405
444 446
444 601
444 644
444 742
444 841
444 885
445 89
445 94
445 106
445 150
445 251
445 368
445 992
446 430
446 471
446 475
446 556
446 625
446 785
446 810
447 44
447 86
447 99
447 118
447 243
447 341
447 467
447 594
447 727
447 787
447 862
447 894
447 937
447 981
448 71
448 206
448 233
448 291
448 492
448 527
448 555
448 583
448 629
448 766
448 826
448 839
448 841
449 20
449 311
449 638
449 827
449 893
449 905
450 372
450 441
450 536
450 609
450 756
450 771
450 907
450 941
450 976
451 93
451 154
451 259
451 391
451 512
451 538
451 710
451 730
451 733
451 736
451 782
451 954
452 59
452 289
452 317
452 415
452 434
452 455
452 466
452 555
452 611
452 720
452 748
452 838
452 839
452 877
453 110
453 518
453 523
453 606
453 688
454 10
454 25
454 120
454 396
454 475
454 528
454 529
454 695
454 860
454 893
454 938
455 153
455 257
455 260
455 303
455 321
455 392
455 429
455 598
455 622
455 733
455 770
455 849
456 14
456 299
456 436
456 586
456 588
456 621
456 634
456 878
456 951
457 20
457 73
457 109
457 128
457 247
457 335
457 358
457 373
457 519
457 628
457 636
458 151
458 339
458 641
458 654
458 655
458 680
458 723
458 800
458 849
458 993
459 90
459 178
459 182
459 205
459 308
459 388
459 409
459 556
459 584
459 622
459 760
459 959
460 432
460 448
460 478
460 519
460 565
460 566
460 567
460 595
460 616
460 617
460 840
461 22
461 233
461 363
461 364
461 479
461 538
461 694
461 813
461 845
462 113
462 220
462 506
462 537
462 951
463 49
463 186
463 272
463 280
463 329
463 369
463 427
463 428
463 585
463 629
463 776
463 898
463 953
464 2
464 4
464 146
464 321
464 418
464 465
464 482
464 530
464 540
464 548
464 633
464 699
464 771
464 850
464 963
465 8
465 17
465 84
465 230
465 344
465 491
465 563
465 569
465 587
465 600
465 619
465 661
465 854
465 877
465 913
466 116
466 184
466 341
466 359
466 568
466 669
466 790
466 829
466 952
466 994
467 40
467 103
467 132
467 176
467 349
467 439
467 549
467 592
467 923
468 24
468 81
468 118
468 230
468 340
468 443
468 453
468 494
468 562
468 571
468 642
468 654
468 657
468 702
468 718
469 14
469 59
469 61
469 75
469 178
469 181
469 245
469 435
469 451
469 695
469 701
469 763
469 843
470 107
470 235
470 463
470 495
470 648
470 810
470 873
470 885
471 61
471 122
471 156
471 159
471 206
471 482
471 642
471 704
471 878
471 900
472 221
472 227
472 239
472 612
472 659
472 735
472 788
472 830
472 887
472 941
472 949
473 210
473 271
473 548
473 757
473 941
474 5
474 168
474 200
474 280
474 298
474 418
474 495
474 543
474 589
474 723
474 772
474 859
474 945
474 959
474 977
475 18
475 184
475 389
475 661
475 663
475 703
475 918
476 58
476 78
476 131
476 278
476 340
476 374
476 383
476 435
476 660
476 663
476 836
476 856
476 923
476 972
477 7
477 337
477 384
477 668
477 815
477 941
477 995
478 83
478 375
478 648
478 952
479 143
479 242
479 286
479 337
479 400
479 440
479 475
479 802
479 859
479 901
479 910
479 919
479 992
480 212
480 216
480 295
480 298
480 374
480 548
480 593
480 893
480 980
481 26
481 135
481 205
481 278
481 303
481 659
481 740
481 858
482 81
482 114
482 250
482 324
482 387
482 515
482 589
482 641
482 798
482 822
482 981
483 20
483 73
483 121
483 137
483 189
483 396
483 848
484 117
484 173
484 201
484 320
484 527
484 579
484 637
484 691
484 747
484 808
484 856
484 894
485 82
485 102
485 175
485 317
485 357
485 596
485 656
485 737
485 809
485 869
485 905
486 45
486 110
486 216
486 217
486 241
486 267
486 279
486 289
486 299
486 344
486 645
486 728
486 771
486 783
486 801
486 835
486 907
487 86
487 123
487 163
487 306
487 585
487 645
487 803
487 955
488 89
488 168
488 191
488 550
488 570
488 571
488 621
488 667
488 846
489 62
489 94
489 246
489 259
489 274
489 493
489 796
489 797
489 829
490 70
490 88
490 153
490 171
490 212
490 217
490 267
490 329
490 474
490 605
490 652
490 757
490 849
490 880
490 944
491 0
491 59
491 171
491 174
491 657
491 706
491 747
491 775
491 935
491 969
491 972
491 976
492 99
492 228
492 248
492 324
492 517
492 537
492 583
492 936
493 26
493 47
493 76
493 205
493 247
493 260
493 516
493 637
493 689
493 749
493 806
494 174
494 246
494 369
494 383
494 450
494 592
494 784
494 940
494 958
495 42
495 131
495 161
495 283
495 331
495 348
495 786
495 845
495 849
495 895
496 33
496 36
496 242
496 276
496 351
496 378
496 554
496 795
496 878
496 890
496 903
497 243
497 282
497 288
497 387
497 482
497 493
497 523
497 687
497 718
497 731
497 776
498 104
498 164
498 220
498 250
498 281
498 321
498 331
498 738
498 848
498 982
499 166
499 283
499 310
499 511
499 574
499 579
499 608
499 650
499 843
499 862
499 898
499 914
499 973
499 978
499 996
500 73
500 206
500 221
500 508
500 576
500 709
500 711
501 3
501 200
501 275
501 483
501 711
501 802
501 836
501 899
501 921
501 926
501 941
501 955
502 116
502 569
502 578
502 682
502 745
502 890
503 239
503 255
503 313
503 384
503 394
503 447
503 449
503 492
503 597
503 697
503 737
503 954
504 91
504 173
504 195
504 314
504 347
504 510
504 519
504 547
504 548
504 580
504 640
504 661
504 786
504 817
504 953
504 987
505 68
505 423
505 581
505 592
505 837
505 970
506 28
506 198
506 207
506 299
506 300
506 320
506 475
506 480
506 493
506 661
506 677
506 681
506 817
507 11
507 74
507 92
507 394
507 483
507 546
507 553
507 717
507 971
507 991
508 111
508 331
508 493
508 528
508 904
508 938
508 957
509 185
509 454
509 497
509 609
509 762
509 903
509 910
509 973
510 22
510 160
510 291
510 390
510 476
510 493
510 519
510 751
510 770
510 779
510 783
511 59
511 141
511 282
511 477
511 671
511 879
511 909
511 973
512 173
512 208
512 400
512 580
512 654
512 773
512 879
512 929
512 940
512 962
512 964
513 32
513 52
513 54
513 135
513 289
513 366
513 378
513 517
513 531
513 614
513 776
513 888
513 898
514 146
514 196
514 342
514 347
514 656
514 706
514 809
514 899
515 189
515 205
515 214
515 291
515 293
515 397
515 442
515 784
515 813
516 54
516 155
516 455
516 525
516 560
516 706
516 770
516 811
516 812
516 861
516 890
516 915
516 988
517 264
517 509
517 529
517 597
517 715
517 733
517 897
517 931
518 137
518 261
518 308
518 459
518 465
518 667
518 945
519 110
519 161
519 277
519 336
519 487
519 488
519 683
519 915
519 918
519 976
519 985
519 994
520 184
520 251
520 708
520 852
521 28
521 32
521 129
521 133
521 254
521 285
521 461
521 487
521 676
521 759
521 775
521 804
522 78
522 238
522 356
522 477
522 501
522 525
522 559
522 876
522 972
523 17
523 144
523 151
523 175
523 229
523 302
523 349
523 482
523 498
523 572
523 683
523 855
523 937
524 75
524 79
524 246
524 269
524 284
524 381
524 584
524 599
524 769
524 847
525 30
525 32
525 80
525 115
525 173
525 288
525 300
525 441
525 524
525 703
525 721
525 751
525 753
525 870
525 877
525 918
526 131
526 178
526 361
526 407
526 409
526 451
526 664
526 844
526 887
526 972
527 83
527 181
527 183
527 252
527 331
527 368
527 375
527 385
527 519
527 545
527 594
527 646
527 692
527 743
527 785
527 890
527 893
527 968
527 984
528 1
528 165
528 251
528 313
528 365
528 507
528 565
528 753
528 797
528 942
529 52
529 171
529 374
529 430
529 459
529 525
529 581
529 634
529 853
529 864
530 812
531 158
531 271
531 280
531 296
531 331
531 412
531 435
531 514
531 561
531 695
531 710
531 838
532 12
532 39
532 142
532 195
532 289
532 395
532 462
532 632
532 842
532 848
532 991
533 33
533 56
533 320
533 357
533 406
533 458
533 463
533 485
533 778
534 21
534 119
534 207
534 276
534 476
534 526
534 540
534 656
534 797
534 839
535 64
535 80
535 252
535 304
535 381
535 396
535 477
535 501
535 664
535 670
535 805
535 863
536 72
536 204
536 270
536 277
536 425
536 564
536 582
536 599
536 765
536 800
536 849
537 54
537 76
537 168
537 250
537 339
537 350
537 362
537 506
537 720
537 860
538 159
538 293
538 303
538 448
538 457
538 461
538 483
538 537
538 652
538 671
538 918
538 961
538 967
539 119
539 322
539 372
539 396
539 593
539 670
539 697
539 893
539 908
540 513
541 433
541 473
541 613
541 718
541 942
542 254
542 319
542 360
542 374
542 570
542 586
542 659
542 766
542 857
542 969
543 2
543 188
543 199
543 267
543 485
543 645
543 718
543 765
543 848
543 873
543 953
544 20
544 61
544 83
544 300
544 301
544 337
544 344
544 554
544 569
544 593
544 726
544 973
545 212
545 229
545 282
545 397
545 486
545 585
545 650
545 713
545 719
545 808
545 847
545 967
546 58
546 153
546 220
546 249
546 302
546 537
546 659
546 763
546 780
547 69
547 73
547 254
547 464
547 836
547 884
547 967
548 46
548 79
548 100
548 250
548 604
548 989
549 55
549 120
549 284
549 309
549 352
549 899
549 990
550 5
550 28
550 147
550 172
550 191
550 330
550 364
550 420
550 462
550 739
550 766
550 801
550 864
550 967
551 54
551 154
551 311
551 352
551 659
551 701
552 147
552 148
552 267
552 402
552 455
552 486
552 897
553 36
553 87
553 151
553 256
553 341
553 603
553 659
553 985
554 181
554 194
554 208
554 276
554 342
554 607
554 657
554 724
554 910
555 30
555 142
555 148
555 153
555 181
555 235
555 388
555 391
555 484
555 570
555 690
555 717
556 233
556 358
556 511
556 561
556 583
556 678
556 768
556 847
556 928
556 935
557 84
557 185
557 195
557 215
557 304
557 358
557 359
557 495
557 582
557 612
557 807
557 843
557 866
557 932
557 948
558 58
558 68
558 211
558 327
558 365
558 413
558 493
558 516
558 595
558 640
558 660
558 685
558 741
558 819
558 859
558 919
558 982
559 164
559 210
559 270
559 272
559 353
559 361
559 457
559 598
559 702
559 945
559 953
560 418
560 490
560 541
560 594
560 627
561 216
561 238
561 479
561 511
561 578
561 655
561 714
561 931
562 46
562 68
562 360
562 444
562 532
562 914
562 943
563 107
563 181
563 182
563 221
563 226
563 364
563 369
563 382
563 443
563 568
563 577
563 647
563 652
563 844
563 871
563 886
563 951
564 14
564 123
564 238
564 361
564 527
564 716
564 737
564 815
564 825
564 908
564 946
564 962
565 124
565 217
565 560
565 693
565 771
565 858
565 986
565 996
566 94
566 109
566 138
566 258
566 284
566 316
566 334
566 492
566 511
566 526
566 786
566 793
566 908
567 259
567 277
567 378
567 427
567 465
567 486
567 625
567 754
567 759
567 785
567 845
568 9
568 98
568 201
568 242
568 246
568 253
568 486
568 500
568 554
568 876
568 917
568 970
568 998
568 999
569 54
569 69
569 111
569 127
569 135
569 205
569 223
569 315
569 316
569 324
569 420
569 454
569 464
569 504
569 542
569 570
569 731
569 829
569 972
570 45
570 111
570 112
570 121
570 144
570 359
570 567
570 734
570 818
570 823
571 10
571 77
571 80
571 463
571 648
571 750
571 763
571 822
571 929
571 980
572 56
572 63
572 93
572 223
572 234
572 345
572 418
572 438
572 452
572 470
572 531
572 851
573 21
573 40
573 85
573 114
573 189
573 410
573 442
573 740
573 757
573 767
573 861
573 862
573 902
573 911
573 956
574 84
574 123
574 179
574 293
574 363
574 385
574 419
574 480
574 533
574 975
575 21
575 46
575 270
575 271
575 300
575 516
575 526
575 837
575 894
576 59
576 253
576 268
576 313
576 639
576 640
576 739
576 889
576 933
577 77
577 105
577 262
577 267
577 325
577 331
577 511
577 584
577 749
577 798
577 907
577 948
578 58
578 100
578 215
578 566
578 617
578 663
578 723
578 762
578 770
578 813
578 877
578 915
579 250
579 473
579 489
579 559
579 672
579 755
579 757
579 865
579 892
580 34
580 477
580 550
580 823
580 932
581 4
581 54
581 151
581 304
581 305
581 339
581 565
581 607
581 878
582 69
582 173
582 256
582 473
582 479
582 525
582 566
582 575
582 989
583 79
583 118
583 318
583 367
583 447
583 477
583 764
583 774
583 936
583 966
584 53
584 261
584 382
584 460
584 737
584 864
585 77
585 217
585 465
585 471
585 544
585 566
585 802
586 13
586 102
586 274
586 323
586 412
586 422
586 469
586 479
586 658
586 669
586 721
586 781
586 796
586 868
586 968
587 22
587 72
587 275
587 313
587 463
587 650
587 655
587 763
587 864
587 984
588 40
588 88
588 286
588 397
588 540
588 601
588 604
588 610
588 809
588 881
588 917
588 960
588 991
588 993
589 47
589 271
589 328
589 356
589 547
589 620
589 692
589 747
589 764
589 803
590 374
590 421
590 429
590 543
590 558
590 592
590 880
590 997
591 43
591 397
591 441
591 508
591 544
591 581
591 616
591 764
591 858
591 997
592 111
592 301
592 351
592 477
592 590
592 645
592 733
592 787
593 201
593 266
593 370
593 431
593 458
593 477
593 547
593 821
594 623
594 628
594 862
594 932
595 24
595 84
595 146
595 413
595 441
595 471
595 557
595 691
595 718
595 740
596 31
596 68
596 158
596 199
596 278
596 301
596 343
596 446
596 529
596 560
596 668
596 752
596 787
597 93
597 102
597 603
597 614
597 706
597 827
597 895
598 24
598 31
598 70
598 107
598 233
598 239
598 332
598 356
598 378
598 475
598 495
598 501
598 636
598 827
598 895
598 960
598 999
599 144
599 311
599 391
599 490
599 501
599 525
599 545
599 576
599 826
599 931
600 319
600 437
600 456
600 730
600 735
600 779
600 950
601 146
601 152
601 303
601 361
601 541
601 587
601 852
601 915
602 86
602 179
602 278
602 523
602 687
602 884
602 896
602 921
602 975
602 977
603 11
603 221
603 288
603 343
603 365
603 395
603 526
603 546
603 734
603 803
603 937
603 942
604 36
604 107
604 354
604 431
604 501
604 749
604 798
604 852
605 43
605 336
605 417
605 732
605 844
605 865
605 869
605 880
605 939
605 956
606 6
606 135
606 307
606 333
606 479
606 666
606 718
606 879
606 896
606 981
607 253
607 267
607 324
607 325
607 395
607 756
607 764
607 842
607 868
607 941
607 977
607 988
608 10
608 37
608 200
608 206
608 217
608 403
608 415
608 431
608 437
608 573
608 746
609 11
609 139
609 243
609 421
609 488
609 603
609 680
609 743
609 872
609 913
609 943
610 16
610 338
610 420
610 490
610 525
610 837
610 875
610 900
611 40
611 44
611 136
611 215
611 285
611 324
611 388
611 576
611 732
611 744
611 752
611 780
611 819
611 954
612 32
612 105
612 165
612 272
612 440
612 480
612 656
612 747
612 875
612 967
613 24
613 173
613 208
613 265
613 363
613 372
613 391
613 571
613 688
613 716
613 801
614 30
614 88
614 160
614 284
614 302
614 352
614 366
614 640
614 770
615 126
615 212
615 247
615 291
615 384
615 412
615 700
615 719
615 725
615 892
615 951
616 157
616 501
616 605
616 791
616 890
617 15
617 21
617 57
617 166
617 306
617 348
617 457
617 482
617 601
617 674
617 719
617 744
617 823
617 872
617 923
618 306
618 345
618 487
618 507
618 509
618 646
618 956
618 969
618 985
619 220
619 241
619 270
619 314
619 449
619 702
619 878
620 5
620 28
620 89
620 172
620 192
620 215
620 260
620 405
620 470
620 752
620 794
620 818
620 902
621 84
621 640
621 670
621 715
621 736
621 764
621 841
621 909
621 943
622 19
622 153
622 159
622 180
622 217
622 283
622 372
622 401
622 474
622 516
622 535
622 618
622 647
622 686
622 860
622 899
622 900
622 911
623 219
623 331
623 400
623 456
623 584
623 595
623 684
623 723
623 780
623 782
623 811
623 877
624 237
624 353
624 379
624 380
624 395
624 410
624 490
624 538
624 795
624 840
624 911
624 973
624 985
625 93
625 221
625 277
625 294
625 375
625 434
625 493
625 558
625 588
625 640
625 834
625 970
626 238
626 240
626 251
626 273
626 399
626 549
626 589
626 593
626 660
626 702
626 890
626 983
627 34
627 74
627 98
627 131
627 166
627 414
627 622
627 734
627 758
627 928
628 113
628 341
628 416
628 457
628 631
628 694
629 40
629 220
629 369
629 382
629 750
629 780
630 26
630 164
630 208
630 252
630 254
630 408
630 459
630 570
630 604
630 625
630 703
630 739
630 761
630 781
630 792
631 11
631 115
631 132
631 251
631 267
631 461
631 595
631 621
631 768
631 798
632 49
632 244
632 251
632 283
632 396
632 438
632 575
632 617
632 809
632 819
632 947
633 40
633 68
633 139
633 210
633 219
633 387
633 547
633 641
633 737
634 317
634 340
634 368
634 432
634 434
634 572
634 586
634 929
635 51
635 144
635 206
635 272
635 332
635 434
635 458
635 477
635 542
635 602
635 785
635 864
636 43
636 70
636 114
636 164
636 227
636 596
636 645
636 649
636 861
637 155
637 271
637 492
637 521
637 673
637 795
637 893
638 163
638 252
638 286
638 510
638 786
638 858
639 334
639 356
639 490
639 506
639 663
639 679
639 735
639 860
639 948
640 71
640 127
640 229
640 285
640 678
640 904
640 969
640 971
641 1
641 21
641 44
641 161
641 165
641 188
641 341
641 372
641 414
641 512
641 544
641 657
641 676
641 739
642 7
642 40
642 85
642 155
642 211
642 389
642 421
642 498
642 627
642 736
642 846
643 62
643 175
643 485
643 544
643 575
643 595
643 801
643 836
643 863
644 230
644 364
644 438
644 582
644 750
644 832
644 855
644 902
644 980
644 991
645 132
645 354
645 391
645 477
645 524
645 580
645 601
645 792
645 881
645 921
645 971
646 285
646 350
646 391
646 441
646 732
646 790
646 927
647 270
647 294
647 385
647 458
647 484
647 499
647 549
647 633
647 672
647 786
647 806
647 865
647 993
648 205
648 289
648 364
648 377
648 435
648 517
648 563
648 613
648 754
648 788
648 857
649 33
649 42
649 147
649 154
650 25
650 58
650 64
650 309
650 470
650 488
650 499
650 577
650 707
650 773
650 827
651 103
651 129
651 325
651 364
651 526
651 540
651 554
651 640
651 916
651 936
652 6
652 69
652 127
652 212
652 551
652 625
652 799
653 21
653 29
653 144
653 224
653 248
653 447
653 672
653 712
653 750
653 837
653 866
653 878
653 930
653 973
654 91
654 104
654 116
654 170
654 200
654 469
654 572
654 591
654 680
654 688
654 786
654 797
654 829
655 111
655 208
655 225
655 411
655 463
655 535
655 543
655 956
655 981
656 15
656 130
656 132
656 312
656 335
656 649
656 666
656 929
656 998
657 142
657 264
657 411
657 546
657 797
657 863
657 881
657 913
658 77
658 268
658 335
658 454
658 783
658 827
659 57
659 183
659 264
659 393
659 420
659 424
659 571
659 596
659 657
659 715
659 841
659 892
659 922
659 954
660 50
660 76
660 148
660 257
660 415
660 638
660 723
660 828
660 929
661 27
661 45
661 80
661 84
661 182
661 352
661 397
661 537
661 551
661 609
661 699
661 734
661 959
662 13
662 17
662 199
662 347
662 569
662 643
662 751
662 837
662 955
662 997
663 473
663 518
663 820
663 951
663 973
663 995
664 57
664 140
664 143
664 250
664 268
664 275
664 311
664 345
664 396
664 569
664 570
664 713
664 865
664 916
664 919
664 952
665 134
665 260
665 371
665 437
665 532
665 915
666 16
666 74
666 201
666 251
666 266
666 312
666 323
666 339
666 799
666 838
666 946
666 993
667 260
667 271
667 332
667 354
667 436
667 938
667 987
668 40
668 64
668 155
668 279
668 581
668 632
668 851
668 873
668 890
669 36
669 81
669 122
669 277
669 352
669 375
669 410
669 424
669 739
669 741
669 826
669 968
670 6
670 77
670 693
670 727
670 791
670 843
670 957
671 102
671 175
671 235
671 439
671 449
671 554
671 710
672 147
672 418
672 480
672 511
672 667
673 115
673 230
673 241
673 271
673 303
673 516
673 566
673 587
673 588
673 660
673 709
673 787
673 857
673 890
673 896
673 932
674 94
674 95
674 111
674 130
674 233
674 262
674 263
674 301
674 354
674 477
674 493
674 566
674 608
674 679
674 729
674 731
674 799
674 856
674 981
675 218
675 326
675 336
675 478
675 724
675 825
675 828
675 866
675 886
675 907
675 922
675 964
676 156
676 174
676 234
676 260
676 507
676 629
676 658
676 682
676 783
677 115
677 324
677 326
677 345
677 503
677 507
677 558
677 603
677 743
677 863
677 881
677 945
678 135
678 172
678 297
678 315
678 367
678 573
678 608
678 623
678 636
678 768
678 834
679 202
679 215
679 231
679 870
679 902
679 959
680 39
680 133
680 223
680 240
680 259
680 295
680 327
680 346
680 364
680 531
680 820
680 844
680 870
681 88
681 139
681 303
681 445
681 466
681 517
681 530
681 762
681 812
681 946
681 951
681 995
682 103
682 195
682 246
682 360
682 432
682 460
682 478
682 509
682 794
683 26
683 278
683 376
683 651
683 754
683 908
683 986
684 8
684 128
684 250
684 254
684 307
684 437
684 454
684 475
684 693
684 848
684 868
684 978
685 41
685 69
685 116
685 257
685 352
685 414
685 416
685 438
685 450
685 492
685 863
685 879
685 913
685 918
685 919
686 81
686 149
686 568
686 805
686 884
686 885
687 34
687 44
687 96
687 101
687 285
687 322
687 346
687 378
687 385
687 431
687 576
687 678
687 895
687 982
688 45
688 79
688 213
688 282
688 336
688 463
688 550
688 629
688 693
689 19
689 214
689 250
689 436
689 527
689 608
689 636
689 739
689 754
689 934
689 940
690 5
690 76
690 123
690 214
690 333
690 355
690 780
690 854
690 942
691 60
691 207
691 247
691 354
691 443
691 529
691 532
691 549
691 567
691 614
691 673
691 746
691 927
691 950
692 357
692 415
692 719
692 793
692 841
692 850
692 851
692 954
693 24
693 260
693 275
693 378
693 503
693 636
693 865
693 953
694 3
694 14
694 197
694 292
694 312
694 418
694 487
694 502
694 763
694 805
694 815
694 881
695 97
695 401
695 434
695 439
695 634
695 813
695 871
695 876
695 931
695 985
696 3
696 84
696 91
696 398
696 465
696 530
696 979
697 43
697 107
697 209
697 389
697 436
697 495
697 525
697 576
697 589
697 646
697 822
697 847
697 848
697 888
698 14
698 31
698 124
698 173
698 333
698 422
698 515
698 918
698 968
698 970
699 17
699 66
699 78
699 260
699 273
699 394
699 645
699 751
699 779
699 893
699 925
700 119
700 141
700 331
700 394
700 432
700 517
700 605
700 806
700 860
700 999
701 102
701 186
701 201
701 213
701 247
701 487
701 625
702 23
702 85
702 291
702 398
702 616
702 639
702 666
702 674
702 716
702 725
702 862
703 108
703 246
703 255
703 301
703 346
703 444
703 543
703 601
703 646
703 663
703 725
703 744
704 192
704 279
704 354
704 544
704 578
704 621
704 640
704 733
704 808
704 847
704 894
704 937
705 27
705 90
705 125
705 236
705 547
705 612
705 660
705 671
705 711
705 751
705 830
705 965
706 15
706 159
706 242
706 345
706 357
706 437
706 639
706 913
706 931
706 996
707 171
707 250
707 373
707 449
707 453
707 463
707 629
707 731
707 842
708 368
708 393
708 594
708 700
708 702
708 825
708 874
708 888
708 961
709 57
709 114
709 341
709 388
709 612
709 635
709 663
709 711
709 820
709 875
709 940
710 22
710 305
710 378
710 522
710 612
710 765
710 869
710 898
710 954
710 979
711 115
711 147
711 242
711 314
711 360
711 400
711 471
711 513
711 652
711 709
711 764
711 836
711 882
711 978
712 137
712 145
712 205
712 256
712 387
712 408
712 509
712 948
712 973
713 61
713 126
713 225
713 772
713 777
713 897
713 928
713 952
714 87
714 170
714 328
714 388
714 401
714 511
714 847
714 875
714 953
715 138
715 550
715 735
715 884
715 924
715 961
716 19
716 132
716 185
716 214
716 432
716 611
716 758
716 924
716 969
717 83
717 110
717 167
717 268
717 300
717 408
717 463
717 701
717 934
718 71
718 143
718 160
718 425
718 454
718 478
718 899
718 970
718 980
719 120
719 287
719 299
719 310
719 312
719 555
719 715
719 716
719 745
719 890
719 911
719 931
720 493
720 494
720 593
720 744
720 781
720 925
721 51
721 157
721 209
721 240
721 274
721 471
721 486
721 838
721 939
722 53
722 144
722 193
722 334
722 406
722 426
722 493
722 565
722 867
722 879
722 893
722 934
722 992
722 998
723 90
723 168
723 574
723 876
724 12
724 401
724 456
724 462
724 502
724 779
724 908
725 164
725 251
725 363
725 428
725 460
725 487
725 533
725 558
725 781
725 784
725 845
725 935
725 951
725 990
726 55
726 130
726 179
726 217
726 277
726 316
726 448
726 456
726 590
726 680
726 681
726 718
726 851
726 935
727 13
727 172
727 197
727 246
727 297
727 530
727 535
727 569
727 806
727 821
727 944
727 972
728 165
728 323
728 410
728 423
728 530
728 779
728 811
728 906
729 36
729 52
729 138
729 157
729 386
729 541
730 154
730 222
730 394
730 626
730 664
730 788
730 928
731 15
731 85
731 517
731 676
731 866
731 968
732 376
732 401
732 725
732 734
732 737
732 879
732 911
733 46
733 212
733 214
733 224
733 359
733 455
733 465
733 501
733 508
733 623
733 696
733 755
733 794
733 857
733 962
733 985
733 987
734 189
734 201
734 224
734 376
734 462
734 467
734 498
734 588
734 663
734 845
735 44
735 216
735 262
735 413
735 468
735 504
735 574
735 668
735 814
735 838
735 901
735 919
735 925
735 947
735 949
736 5
736 104
736 128
736 204
736 259
736 269
736 296
736 380
736 417
736 632
736 644
736 701
736 712
736 713
736 870
736 878
736 896
736 996
737 66
737 161
737 203
737 213
737 287
737 317
737 318
737 441
737 621
737 800
738 7
738 14
738 54
738 95
738 156
738 305
738 414
738 468
738 699
738 723
738 776
738 903
738 974
739 125
739 199
739 215
739 282
739 384
739 647
739 748
739 773
739 880
740 81
740 227
740 630
740 843
740 914
741 43
741 55
741 241
741 319
741 466
741 743
741 846
741 901
741 964
741 992
742 66
742 189
742 211
742 262
742 280
742 429
742 516
742 792
742 822
742 843
742 858
743 6
743 106
743 121
743 165
743 189
743 264
743 286
743 382
743 443
743 469
743 484
743 532
743 592
743 613
743 628
743 797
743 974
744 67
744 87
744 248
744 286
744 331
744 345
744 347
744 394
744 410
744 558
744 583
744 599
744 679
744 756
744 838
744 891
745 13
745 30
745 233
745 257
745 302
745 697
745 753
745 760
745 765
745 846
746 78
746 156
746 403
746 499
746 520
746 923
747 120
747 135
747 193
747 265
747 279
747 734
747 740
747 856
748 72
748 113
748 290
748 301
748 320
748 623
748 626
748 854
748 921
748 972
749 5
749 70
749 236
749 408
749 409
749 455
749 647
749 818
749 875
749 888
750 20
750 39
750 98
750 230
750 261
750 290
750 316
750 317
750 379
750 461
750 687
750 920
751 70
751 100
751 101
751 110
751 120
751 200
751 219
751 301
751 540
751 644
751 967
752 6
752 105
752 338
752 616
752 621
752 651
752 666
752 670
752 682
752 963
753 58
753 121
753 256
753 259
753 316
753 392
753 433
753 436
753 510
753 576
753 616
753 726
753 807
753 977
754 13
754 27
754 100
754 371
754 410
754 597
754 751
755 105
755 117
755 134
756 42
756 60
756 190
756 199
756 270
756 397
756 429
756 641
756 687
756 883
756 981
757 98
757 175
757 231
757 254
757 274
757 383
757 392
757 458
757 500
757 521
757 570
757 612
757 661
758 159
758 192
758 226
758 353
758 361
758 464
758 508
758 571
758 791
758 909
758 917
758 999
759 3
759 126
759 569
759 683
759 704
759 865
760 37
760 57
760 187
760 205
760 315
760 400
760 575
760 868
760 941
761 15
761 136
761 137
761 138
761 148
761 161
761 184
761 260
761 645
761 849
761 857
761 873
761 914
762 125
762 182
762 186
762 442
762 632
762 828
762 986
763 213
763 411
763 468
763 709
763 715
764 38
764 88
764 242
764 984
765 110
765 144
765 335
765 367
765 522
765 620
765 720
765 728
765 743
765 771
765 772
765 778
765 788
765 839
765 964
765 979
766 196
766 397
766 436
766 469
766 517
766 792
766 813
766 832
766 867
766 969
766 992
767 16
767 151
767 161
767 199
767 241
767 261
767 509
767 542
767 554
767 960
768 7
768 217
768 405
768 410
768 513
768 600
768 694
768 792
768 856
769 16
769 69
769 208
769 436
769 533
769 592
769 613
769 680
769 744
769 814
769 843
769 890
770 232
770 273
770 397
770 444
770 683
770 756
770 874
771 87
771 121
771 135
771 201
771 253
771 310
771 397
771 577
771 695
771 778
771 808
771 846
771 878
772 56
772 179
772 315
772 334
772 409
772 524
772 560
772 578
772 627
772 700
772 706
772 723
772 759
773 45
773 63
773 154
773 165
773 210
773 307
773 361
773 369
773 378
773 463
773 502
773 524
773 601
773 654
774 58
774 68
774 152
774 496
774 520
774 527
775 75
775 282
775 319
775 599
775 617
775 753
775 895
776 58
776 120
776 171
776 189
776 457
776 547
776 596
776 603
776 619
776 707
776 767
776 902
776 951
777 32
777 149
777 380
777 408
777 440
777 520
777 556
777 762
777 821
777 823
777 973
778 37
778 124
778 436
778 536
778 541
778 806
778 827
778 866
778 920
779 15
779 100
779 450
779 653
779 676
779 707
779 749
779 764
779 804
779 990
780 140
780 205
780 447
780 469
780 533
780 551
780 559
780 656
780 771
780 907
780 982
781 12
781 191
781 412
781 445
781 608
781 661
781 770
781 788
781 860
782 11
782 186
782 210
782 261
782 269
782 272
782 388
782 408
782 589
782 591
782 733
782 855
783 84
783 127
783 130
783 431
783 433
783 638
783 710
784 55
784 69
784 154
784 182
784 416
784 423
784 511
784 535
784 584
784 787
784 959
785 178
785 189
785 305
785 375
785 413
785 426
785 570
785 574
785 705
786 2
786 76
786 282
786 333
786 484
786 563
786 726
786 829
787 34
787 158
787 203
787 238
787 319
787 463
787 484
787 485
787 610
787 951
788 106
788 203
788 256
788 273
788 330
788 361
788 373
788 499
788 578
788 727
788 822
788 962
788 970
789 14
789 76
789 220
789 251
789 291
789 350
789 360
789 461
789 634
789 745
789 780
789 791
790 12
790 238
790 295
790 323
790 324
790 407
790 524
790 671
790 835
790 871
790 939
790 968
791 63
791 173
791 195
791 251
791 410
791 528
791 897
791 914
792 18
792 128
792 148
792 201
792 207
792 209
792 360
792 363
792 695
792 794
792 820
792 850
793 202
793 204
793 405
793 467
793 631
793 659
793 743
793 838
793 899
793 984
794 130
794 220
794 384
794 422
794 591
794 655
794 704
794 945
795 45
795 462
795 638
795 792
795 822
795 853
795 944
796 6
796 119
796 190
796 324
796 374
796 429
796 433
796 514
796 697
796 869
796 922
797 187
797 298
797 427
797 501
797 605
797 640
797 753
797 876
797 933
797 943
798 59
798 77
798 104
798 110
798 139
798 240
798 486
798 524
798 590
798 713
798 740
798 786
798 800
798 870
798 911
798 963
799 172
799 235
799 352
799 453
799 466
799 627
799 633
799 688
799 710
799 762
800 395
800 428
800 450
800 635
800 674
800 761
800 810
801 49
801 155
801 169
801 282
801 314
801 521
801 547
801 637
801 777
801 869
802 542
802 735
802 844
802 960
803 55
803 142
803 169
803 237
803 264
803 317
803 475
803 514
803 518
803 588
803 637
803 641
803 659
803 675
803 683
803 699
803 714
804 57
804 246
804 409
804 472
804 512
804 533
804 585
804 666
804 722
804 926
804 981
805 115
805 194
805 204
805 274
805 353
805 473
805 605
805 849
805 906
805 982
806 213
806 260
806 281
806 425
806 439
806 445
806 613
806 729
806 870
806 931
807 224
807 253
807 319
807 326
807 361
807 376
807 435
807 808
807 839
807 895
808 37
808 132
808 173
808 187
808 306
808 376
808 399
808 491
808 522
808 526
808 626
808 794
808 871
808 891
808 972
809 55
809 113
809 315
809 438
809 738
809 804
809 854
810 28
810 231
810 291
810 351
810 462
810 513
810 520
810 936
811 294
811 605
811 723
811 744
811 861
811 882
812 78
812 265
812 369
812 624
812 733
812 853
812 886
812 890
812 934
813 61
813 117
813 270
813 465
813 495
813 581
813 600
813 657
813 676
813 843
813 957
814 111
814 143
814 225
814 243
814 251
814 252
814 309
814 329
814 547
814 601
814 652
814 771
815 35
815 65
815 174
815 262
815 329
815 473
815 704
815 891
815 898
815 911
815 921
816 3
816 49
816 212
816 695
816 855
816 856
816 906
816 934
816 995
817 249
817 356
817 387
817 505
817 520
817 676
817 731
817 741
817 779
817 933
818 33
818 268
818 277
818 310
818 925
819 38
819 186
819 331
819 355
819 373
819 412
819 496
819 513
819 541
819 656
819 821
819 856
820 147
820 289
820 407
820 487
820 638
820 927
821 192
821 285
821 336
821 357
821 404
821 455
821 802
821 875
821 960
821 971
821 975
822 290
822 351
822 356
822 364
822 378
822 573
822 606
822 664
822 669
822 724
822 765
822 898
822 902
823 99
823 193
823 234
823 424
823 440
823 539
823 572
823 939
824 66
824 238
824 369
824 511
824 663
824 819
824 911
825 164
825 165
825 278
825 452
825 492
825 587
825 760
825 769
826 32
826 111
826 113
826 198
826 205
826 426
826 459
826 548
826 620
826 833
826 854
826 951
827 10
827 31
827 114
827 209
827 334
827 659
827 995
827 996
828 204
828 213
828 318
828 321
828 349
828 480
828 504
828 578
828 684
828 703
828 758
828 803
828 931
828 945
829 82
829 108
829 358
829 585
829 645
829 844
829 850
829 889
830 107
830 243
830 315
830 330
830 452
830 495
830 507
830 509
830 566
830 652
830 923
831 180
831 387
831 399
831 420
831 435
831 499
831 669
831 683
831 704
831 706
831 761
831 871
832 120
832 301
832 338
832 361
832 470
832 499
832 534
832 535
832 593
832 605
832 751
832 845
832 914
832 924
833 55
833 253
833 300
833 318
833 359
833 405
833 463
833 467
833 468
833 476
833 599
833 664
833 923
834 520
834 857
834 895
835 34
835 186
835 251
835 712
835 850
836 91
836 217
836 343
836 380
836 494
836 529
836 542
836 546
836 653
836 838
836 877
837 13
837 125
837 205
837 236
837 488
837 513
837 518
837 747
837 834
837 862
837 870
837 883
837 999
838 107
838 154
838 332
838 383
838 390
838 443
838 529
838 543
838 577
838 584
838 631
838 659
838 680
838 780
838 787
838 979
838 993
839 111
839 170
839 411
839 642
839 724
839 827
839 840
839 871
839 873
840 18
840 36
840 160
840 281
840 332
840 619
840 639
840 658
840 665
840 752
840 773
840 961
841 122
841 286
842 24
842 79
842 114
842 235
842 536
842 781
842 879
843 4
843 46
843 147
843 149
843 182
843 409
843 420
843 459
843 576
843 660
843 671
843 697
843 805
843 898
843 917
843 971
844 59
844 202
844 317
844 432
844 476
844 562
844 975
845 28
845 84
845 212
845 424
845 447
845 494
845 608
845 754
845 911
845 978
846 2
846 119
846 168
846 173
846 186
846 212
846 320
846 355
846 418
846 808
846 991
847 110
847 154
847 168
847 206
847 309
847 418
847 451
847 521
847 640
847 848
847 918
848 44
848 78
848 130
848 336
848 514
848 618
848 684
848 744
848 747
848 821
848 863
849 161
849 216
849 258
849 270
849 310
849 341
849 426
849 477
849 557
849 592
849 616
849 672
849 683
849 894
849 928
849 936
850 26
850 208
850 289
850 408
850 656
850 746
850 857
850 924
850 952
851 51
851 166
851 170
851 276
851 401
851 430
851 575
851 786
851 826
851 898
851 906
852 44
852 90
852 193
852 262
852 283
852 525
852 697
852 706
852 887
852 909
852 910
852 926
853 63
853 103
853 131
853 133
853 157
853 520
853 606
853 726
853 781
853 860
853 946
853 960
853 978
854 42
854 214
854 227
854 281
854 408
854 547
854 655
854 699
855 78
855 106
855 119
855 254
855 341
855 467
855 488
855 496
855 540
855 618
855 779
855 866
856 0
856 25
856 28
856 43
856 316
856 552
856 701
856 737
856 855
856 859
856 892
856 922
856 945
857 146
857 179
857 358
857 497
857 524
857 641
857 806
857 922
858 69
858 501
858 689
858 795
859 61
859 62
859 74
859 212
859 240
859 494
859 874
860 370
860 484
860 700
860 707
860 730
860 893
861 15
861 64
861 224
861 307
861 366
861 412
861 548
861 591
861 743
861 854
861 887
861 947
862 41
862 313
862 325
862 518
862 565
862 608
862 911
862 968
863 335
863 447
863 463
863 469
863 615
863 698
863 759
863 866
863 872
864 134
864 402
864 428
864 460
864 500
864 545
864 547
864 669
864 775
864 817
865 50
865 156
865 614
865 616
865 637
865 791
865 810
866 50
866 257
866 430
866 489
866 547
866 611
866 806
866 816
866 937
866 987
866 988
867 16
867 23
867 206
867 346
867 412
867 447
867 555
867 877
867 982
868 29
868 41
868 167
868 222
868 474
868 483
868 568
868 650
868 697
868 737
868 846
868 865
869 29
869 95
869 139
869 196
869 278
869 322
869 453
869 649
869 746
869 776
869 781
869 844
869 915
869 974
870 52
870 517
870 564
871 44
871 144
871 183
871 238
871 489
871 510
871 661
872 88
872 138
872 179
872 262
872 423
872 462
872 524
872 664
872 854
872 891
872 931
873 18
873 100
873 116
873 262
873 328
873 347
873 362
873 432
873 493
873 603
873 752
873 782
873 883
873 973
874 247
874 416
874 784
874 825
874 830
874 853
875 3
875 105
875 201
875 247
875 471
875 488
875 504
875 634
875 704
875 721
875 750
875 902
875 955
876 15
876 176
876 178
876 281
876 394
876 547
876 572
876 657
876 753
876 898
876 939
877 83
877 275
877 311
877 374
877 643
877 661
877 920
878 36
878 51
878 94
878 128
878 272
878 415
878 541
878 644
878 862
879 23
879 261
879 268
879 560
879 584
879 727
879 751
879 810
879 847
879 994
880 7
880 175
880 276
880 384
880 428
880 439
880 485
880 492
880 585
880 752
880 793
880 856
880 888
880 935
881 11
881 20
881 104
881 223
881 282
881 351
881 508
881 532
881 553
881 753
881 786
881 836
881 970
882 222
882 283
882 329
882 339
882 461
882 497
882 518
882 547
882 653
882 788
883 232
883 250
883 377
883 441
883 473
883 744
883 756
883 823
884 237
884 636
884 783
884 835
884 892
885 24
885 40
885 104
885 131
885 213
885 245
885 285
885 303
885 354
885 393
885 439
885 565
885 672
885 763
885 855
885 888
885 891
885 927
886 24
886 57
886 106
886 291
886 346
886 446
886 594
886 647
886 686
886 727
886 738
886 820
886 837
886 954
887 79
887 96
887 301
887 311
887 472
887 652
887 717
887 761
887 863
887 900
887 964
887 993
888 11
888 116
888 129
888 299
888 426
888 460
888 497
888 627
888 856
888 887
888 933
889 109
889 111
889 198
889 248
889 255
889 538
889 539
889 565
889 587
889 684
889 698
889 730
889 879
889 881
889 930
889 986
890 34
890 260
890 336
890 356
890 515
890 559
890 675
890 677
890 800
890 958
891 307
891 407
891 587
891 761
891 898
892 207
892 241
892 327
892 459
892 832
893 26
893 544
893 724
893 842
893 954
894 189
894 277
894 282
894 484
894 492
894 598
894 655
894 741
894 766
894 836
894 918
895 53
895 182
895 428
895 491
895 685
895 988
896 10
896 17
896 142
896 161
896 340
896 474
896 511
896 516
896 603
896 640
896 834
896 917
896 927
896 991
897 40
897 306
897 317
897 383
897 392
897 464
897 506
897 615
897 618
897 811
897 832
897 941
897 958
897 999
898 73
898 131
898 250
898 252
898 338
898 390
898 421
898 475
898 537
898 621
898 950
899 52
899 299
899 307
899 468
899 565
899 574
899 645
899 667
899 723
899 966
900 40
900 82
900 109
900 165
900 336
900 362
900 404
900 658
900 748
901 7
901 91
901 101
901 144
901 164
901 185
901 269
901 271
901 286
901 363
901 413
901 545
901 558
901 678
901 712
901 739
901 742
902 115
902 149
902 198
902 215
902 255
902 259
902 515
902 647
902 802
902 806
902 830
902 927
902 957
902 990
902 996
903 77
903 194
903 200
903 319
903 326
903 379
903 436
903 469
903 601
903 741
903 749
903 793
903 817
903 853
903 994
904 30
904 47
904 230
904 333
904 364
904 908
904 940
904 983
905 22
905 161
905 180
905 236
905 388
905 422
905 642
905 654
905 659
905 835
905 853
906 59
906 104
906 117
906 189
906 232
906 387
906 647
906 661
906 666
907 222
907 239
907 503
907 666
907 687
907 871
907 930
907 992
908 119
908 139
908 230
908 274
908 296
908 465
908 488
908 527
908 633
909 347
909 389
909 397
909 429
909 519
909 617
909 758
909 857
909 937
910 31
910 86
910 96
910 154
910 224
910 287
910 455
910 772
910 895
910 896
910 909
911 69
911 154
911 543
911 658
911 979
912 95
912 139
912 301
912 344
912 402
912 406
912 616
912 732
912 748
912 776
912 784
912 911
912 913
912 947
912 973
913 51
913 66
913 139
913 234
913 311
913 439
913 496
913 566
913 656
913 743
913 777
913 978
914 15
914 55
914 383
914 415
914 532
914 638
914 675
914 850
914 984
915 110
915 167
915 275
915 474
915 495
915 683
915 740
915 874
915 910
915 996
916 59
916 149
916 220
916 295
916 378
916 408
916 453
916 729
916 798
917 52
917 249
917 283
917 367
917 502
917 519
917 615
917 631
917 661
917 675
917 778
918 150
918 245
918 305
918 314
918 329
918 478
918 582
918 703
918 711
918 915
919 13
919 45
919 98
919 237
919 259
919 262
919 431
919 647
919 672
919 736
920 21
920 124
920 283
920 434
920 585
920 792
920 937
921 31
921 35
921 227
921 327
921 367
921 377
921 389
921 392
921 406
921 438
921 502
921 603
921 611
921 930
922 72
922 110
922 175
922 385
922 393
922 447
922 451
922 477
922 552
922 591
922 659
922 665
922 677
922 724
922 756
923 216
923 287
923 306
923 319
923 394
923 626
923 890
923 993
924 164
924 169
924 186
924 226
924 243
924 341
924 474
924 526
924 564
924 573
924 679
924 765
924 878
924 968
924 995
925 0
925 36
925 67
925 259
925 474
925 484
925 563
925 649
925 733
925 812
925 817
925 819
925 836
925 869
925 903
925 967
926 199
926 215
926 423
926 699
926 726
926 793
926 951
926 956
927 115
927 128
927 169
927 238
927 305
927 366
927 388
927 421
927 541
927 761
927 833
928 6
928 34
928 36
928 117
928 571
928 588
928 685
928 695
928 764
928 906
928 942
928 996
929 17
929 106
929 235
929 268
929 417
929 537
929 610
929 712
929 716
929 778
930 11
930 87
930 401
930 431
930 458
930 473
930 623
930 690
930 753
930 890
930 952
931 39
931 59
931 81
931 573
931 664
931 780
931 858
931 927
932 8
932 263
932 317
932 407
932 412
932 466
932 537
932 663
932 925
932 948
933 100
933 304
933 307
933 384
933 557
933 658
933 926
933 992
934 79
934 184
934 374
934 529
934 569
934 713
934 716
935 37
935 58
935 153
935 303
935 386
935 389
935 420
935 549
935 581
935 598
935 862
935 994
936 10
936 446
936 527
936 620
936 927
936 951
937 31
937 176
937 214
937 372
937 441
937 523
937 663
937 672
937 742
938 68
938 247
938 458
938 477
938 483
938 722
938 780
938 923
939 90
939 223
939 380
939 412
939 654
939 710
939 747
939 909
939 933
939 990
939 996
940 21
940 72
940 142
940 461
940 619
940 621
940 634
940 705
940 888
941 215
941 229
941 245
941 262
941 405
941 494
941 620
941 761
941 808
941 833
941 841
941 891
941 899
941 901
942 30
942 38
942 113
942 226
942 417
942 487
942 525
942 553
942 586
942 685
942 713
942 899
942 905
942 927
943 4
943 438
943 642
943 865
943 885
943 999
944 36
944 165
944 357
944 538
944 605
944 619
944 661
944 899
945 18
945 250
945 353
945 417
945 502
945 549
945 619
945 841
945 894
946 69
946 177
946 230
946 264
946 364
946 392
946 420
946 553
946 762
947 41
947 192
947 238
947 247
947 321
947 534
947 600
947 695
947 758
947 815
948 90
948 145
948 226
948 245
948 351
948 450
948 462
948 477
948 540
948 575
948 697
948 709
948 734
948 798
948 972
949 211
949 310
949 434
949 543
949 705
949 885
949 888
950 55
950 132
950 235
950 350
950 400
950 565
950 699
950 835
950 867
951 78
951 259
951 431
951 438
951 495
951 566
951 587
951 931
952 91
952 134
952 508
952 539
952 553
952 583
952 770
952 939
952 969
953 0
953 159
953 247
953 371
953 399
953 427
953 559
953 678
953 717
953 810
953 887
953 944
953 946
953 970
954 63
954 228
954 282
954 286
954 518
954 749
954 939
954 959
955 16
955 91
955 241
955 371
955 393
955 458
955 586
955 639
955 659
955 696
955 698
956 94
956 141
956 153
956 299
956 397
956 678
956 752
956 804
956 874
957 53
957 101
957 158
957 410
957 679
957 827
957 830
957 836
957 894
958 61
958 140
958 197
958 270
958 289
958 402
958 434
958 455
958 482
958 564
958 577
958 614
958 628
958 629
958 882
958 994
959 114
959 384
959 395
959 467
959 606
959 749
959 836
959 930
959 948
960 27
960 107
960 188
960 303
960 343
960 456
960 512
960 641
960 925
961 94
961 135
961 163
961 374
961 512
961 591
961 839
961 876
961 929
962 100
962 133
962 153
962 484
962 548
962 777
962 946
963 87
963 93
963 306
963 342
963 438
963 522
963 534
963 540
963 617
963 622
963 883
963 946
964 109
964 302
964 396
964 491
964 569
964 736
964 807
965 117
965 118
965 158
965 337
965 386
965 398
965 477
965 520
965 756
965 760
965 960
965 972
965 987
966 110
966 439
966 612
966 710
966 716
966 718
966 728
966 743
966 796
966 852
966 902
967 198
967 280
967 292
967 329
967 397
967 416
967 538
967 694
967 706
967 786
967 913
967 987
968 49
968 118
968 195
968 208
968 214
968 233
968 357
968 564
968 876
968 913
968 997
969 72
969 371
969 473
969 601
969 763
969 821
969 883
970 77
970 350
970 406
970 494
970 561
970 617
970 692
970 706
970 776
970 795
970 809
970 841
971 135
971 178
971 266
971 370
971 403
971 489
971 595
971 779
971 944
972 107
972 191
972 298
972 528
972 661
972 699
972 827
972 892
973 42
973 273
973 351
973 473
973 567
974 65
974 66
974 110
974 250
974 254
974 324
974 462
974 746
974 759
974 829
974 840
974 942
974 983
975 212
975 225
975 231
975 536
975 667
975 819
976 69
976 266
976 384
976 599
976 740
976 849
976 979
977 19
977 60
977 91
977 683
977 714
977 838
978 42
978 176
978 185
978 203
978 278
978 333
978 437
978 439
978 499
978 548
978 748
978 960
979 57
979 487
979 577
979 587
979 588
979 602
979 679
979 968
980 78
980 176
980 275
980 404
980 511
981 22
981 70
981 89
981 146
981 381
981 531
981 891
982 46
982 563
982 616
982 666
982 669
982 717
982 755
982 832
983 17
983 162
983 303
983 361
983 408
983 463
983 469
983 523
983 592
983 599
983 644
983 703
983 751
983 812
983 820
983 939
983 986
984 15
984 27
984 281
984 362
984 480
984 659
984 682
984 755
984 785
985 106
985 169
985 335
985 523
985 748
986 73
986 167
986 308
986 364
986 422
986 524
986 582
986 602
986 722
987 156
987 160
987 252
987 356
987 408
987 577
987 647
987 662
987 668
987 752
987 909
987 986
988 144
988 167
988 301
988 380
988 451
988 462
988 590
988 746
988 802
988 807
988 982
989 77
989 135
989 196
989 469
989 640
989 670
989 732
989 747
989 799
989 854
989 875
990 43
990 63
990 180
990 268
990 304
990 562
990 695
990 939
990 943
990 951
990 961
991 140
991 158
991 173
991 333
991 419
991 524
991 636
991 708
991 915
991 917
992 152
992 171
992 250
992 271
992 283
992 359
992 374
992 471
992 509
992 577
992 578
992 646
992 685
992 741
992 788
992 903
992 928
992 983
993 201
993 278
993 390
993 431
993 760
994 35
994 39
994 150
994 211
994 672
994 679
994 725
994 890
995 60
995 67
995 194
995 200
995 368
995 376
995 546
995 656
995 675
995 765
995 821
996 130
996 370
996 392
996 474
996 527
996 530
996 598
996 615
996 682
996 684
996 752
996 796
996 840
996 998
997 115
997 145
997 249
997 259
997 266
997 297
997 312
997 315
997 386
997 393
997 400
997 500
997 502
997 625
997 656
997 799
997 801
997 854
997 963
997 976
997 978
998 12
998 282
998 319
998 485
998 517
998 679
998 720
998 865
998 901
998 996
999 4
999 96
999 125
999 195
999 234
999 634
999 639
999 721
999 835
