100
0 7
0 15
0 21
0 36
0 46
0 66
0 91
0 99
1 9
1 14
1 45
1 46
1 50
1 54
1 71
1 89
1 97
2 9
2 12
2 19
2 58
2 81
2 82
2 95
3 31
3 43
3 47
3 61
3 62
3 73
3 76
3 81
3 82
3 89
3 97
4 5
4 15
4 30
4 32
4 57
5 23
5 31
5 33
5 36
5 72
5 76
5 93
6 0
6 2
6 8
6 23
6 30
6 35
6 42
6 44
6 49
6 53
6 57
6 58
6 63
6 66
6 76
6 94
7 25
7 34
7 35
7 40
7 42
7 44
7 48
7 49
7 66
7 70
7 80
7 83
7 98
8 18
8 19
8 23
8 28
8 36
8 41
8 46
8 47
8 55
8 61
8 67
8 69
8 87
8 92
9 8
9 16
9 19
9 22
9 48
9 51
9 59
9 63
9 68
9 70
9 80
9 97
10 2
10 8
10 49
10 55
10 86
10 93
11 8
11 15
11 16
11 20
11 32
11 35
11 54
11 58
11 61
11 75
11 85
11 87
11 94
12 4
12 8
12 40
12 43
12 49
12 50
12 63
12 71
12 74
13 5
13 6
13 29
13 35
13 45
13 52
13 64
13 70
13 74
13 94
13 96
14 38
14 42
14 49
14 51
14 56
14 98
15 7
15 51
15 63
15 70
15 78
15 79
15 92
16 14
16 24
16 34
16 43
16 49
16 50
16 53
16 56
16 63
16 90
16 97
17 4
17 34
17 37
17 51
17 65
17 71
17 95
18 16
18 28
18 37
18 42
18 45
18 50
18 64
18 74
18 77
18 93
18 97
19 2
19 17
19 27
19 31
19 57
19 58
19 68
19 77
19 84
19 93
19 95
20 9
20 14
20 15
20 35
20 48
20 50
20 62
20 66
20 85
20 92
21 1
21 11
21 13
21 28
21 30
21 41
21 44
21 54
21 62
21 66
21 79
21 91
22 24
22 46
22 49
22 53
22 62
22 72
22 86
23 2
23 4
23 15
23 27
23 34
23 48
23 51
23 52
23 53
23 62
23 63
23 68
23 74
23 78
23 84
23 94
24 14
24 18
24 21
24 22
24 23
24 27
24 34
24 40
24 53
24 56
24 60
24 64
25 5
25 10
25 13
25 20
25 28
25 37
25 44
25 49
25 54
25 65
25 70
25 77
25 79
25 80
25 82
26 3
26 13
26 15
26 23
26 30
26 31
26 36
26 47
26 59
26 64
26 94
27 18
27 21
27 28
27 35
27 53
27 56
27 59
27 62
27 64
27 70
27 72
27 81
27 82
27 89
27 99
28 2
28 17
28 32
28 49
28 56
28 81
28 85
28 96
29 0
29 13
29 34
29 79
29 81
29 95
30 8
30 18
30 19
30 48
30 51
30 70
30 94
31 0
31 7
31 17
31 43
31 54
31 60
31 63
31 80
31 93
32 4
32 7
32 24
32 33
32 53
32 85
32 98
33 7
33 9
33 10
33 35
33 39
33 40
33 42
33 46
33 50
33 58
33 64
33 67
33 80
33 84
33 88
34 5
34 14
34 19
34 23
34 33
34 46
34 55
34 65
34 73
34 81
34 83
34 92
34 98
35 1
35 9
35 12
35 17
35 40
35 78
35 81
35 88
35 97
36 14
36 20
36 26
36 27
36 55
36 66
36 69
36 74
37 10
37 12
37 13
37 15
37 19
37 55
37 61
37 67
37 98
38 25
38 43
38 66
38 68
38 84
38 99
39 3
39 19
39 28
39 44
39 55
39 58
39 60
39 65
39 66
39 78
39 81
40 4
40 25
40 32
40 54
40 60
40 69
40 89
40 92
40 97
41 19
41 29
41 46
41 48
41 50
41 66
41 82
41 89
41 94
42 1
42 22
42 60
42 65
42 92
43 2
43 25
43 47
43 52
43 63
43 87
43 92
43 98
44 9
44 10
44 18
44 22
44 30
44 31
44 62
45 3
45 24
45 25
45 27
45 35
45 38
45 72
46 6
46 38
46 47
46 58
46 65
46 76
46 78
46 91
47 32
47 36
47 37
47 41
47 57
47 66
47 73
47 75
48 13
48 18
48 29
48 33
48 51
48 68
48 77
48 80
48 87
48 88
49 6
49 29
49 35
49 65
49 66
49 80
49 81
49 84
49 87
49 91
50 10
50 16
50 40
50 43
50 47
50 61
50 72
51 9
51 18
51 19
51 32
51 40
51 63
51 68
51 82
51 95
52 10
52 11
52 12
52 14
52 19
52 23
52 31
52 60
52 61
52 77
52 83
52 85
52 89
52 91
53 7
53 8
53 21
53 28
53 33
53 35
53 43
53 56
53 62
53 64
54 7
54 20
54 24
54 28
54 34
54 36
54 41
54 42
54 51
54 53
54 56
54 58
54 61
54 63
54 84
54 88
54 92
55 8
55 28
55 39
55 48
55 58
55 66
55 68
55 80
55 81
55 83
55 92
55 96
56 14
56 27
56 37
56 40
56 41
56 46
56 55
56 62
56 72
56 95
56 97
57 4
57 5
57 12
57 27
57 29
57 30
57 74
57 76
57 80
57 82
57 88
57 89
57 95
58 1
58 2
58 3
58 11
58 27
58 31
58 45
58 48
58 61
58 68
58 71
58 81
58 92
59 0
59 14
59 29
59 32
59 44
59 47
59 53
59 77
59 85
59 93
60 26
60 32
60 39
60 52
60 63
60 69
60 74
60 77
60 82
60 87
61 1
61 27
61 36
61 48
61 90
62 0
62 34
62 39
62 40
62 46
62 47
62 63
62 69
62 78
62 79
62 84
62 89
62 96
63 20
63 44
63 55
63 58
63 60
63 85
64 16
64 23
64 46
64 47
64 50
64 51
64 57
64 70
64 85
64 93
64 95
65 20
65 26
65 62
65 75
65 77
65 79
65 80
65 88
65 89
65 99
66 23
66 24
66 28
66 32
66 44
66 65
66 87
66 89
66 91
66 92
66 97
66 98
67 4
67 6
67 10
67 16
67 17
67 26
67 44
67 48
67 52
67 57
67 72
67 89
68 8
68 23
68 30
68 43
68 47
68 48
68 67
68 69
68 71
68 73
68 74
68 80
68 88
68 92
68 98
69 10
69 32
69 33
69 49
69 61
69 64
69 70
69 72
69 82
69 96
70 6
70 18
70 31
70 38
70 42
70 46
70 57
70 67
70 85
70 94
70 98
70 99
71 4
71 11
71 34
71 35
71 41
71 64
71 81
71 83
71 89
71 97
72 1
72 5
72 12
72 93
73 6
73 8
73 11
73 12
73 29
73 34
73 38
73 41
73 44
73 55
73 61
73 78
73 82
73 86
73 96
73 97
74 4
74 17
74 18
74 24
74 26
74 40
74 41
74 45
74 54
74 60
74 62
74 67
74 68
74 82
74 86
74 98
75 2
75 3
75 14
75 23
75 34
75 48
75 64
75 67
75 72
75 82
75 85
75 86
75 87
75 92
76 12
76 36
76 64
76 68
76 69
76 73
76 75
76 88
76 89
76 99
77 2
77 12
77 17
77 39
77 52
77 57
77 79
77 89
78 28
78 30
78 37
78 42
78 53
78 65
78 82
79 13
79 14
79 36
79 41
79 46
79 80
79 84
80 15
80 17
80 19
80 33
80 64
80 65
80 66
80 68
80 71
80 73
80 75
80 77
80 90
81 21
81 22
81 33
81 34
81 46
81 50
81 60
81 75
82 3
82 6
82 15
82 22
82 25
82 53
82 61
82 62
82 65
82 67
82 70
82 81
82 87
82 94
83 2
83 11
83 13
83 15
83 16
83 36
83 50
83 59
83 67
84 2
84 6
84 22
84 32
84 69
84 75
84 85
85 17
85 31
85 49
85 50
85 53
85 90
85 97
86 3
86 12
86 18
86 29
86 33
86 42
86 53
86 60
86 72
86 96
86 97
87 1
87 53
87 63
87 66
87 85
87 95
88 9
88 14
88 30
88 43
88 55
88 61
88 64
88 81
89 1
89 34
89 36
89 55
89 84
89 88
89 95
89 97
90 8
90 16
90 53
90 55
90 57
90 61
90 72
90 79
91 24
91 27
91 28
91 56
91 59
91 72
91 84
91 87
91 94
91 95
92 4
92 9
92 14
92 34
92 35
92 37
92 38
92 40
92 53
92 63
92 74
93 10
93 11
93 15
93 18
93 23
93 41
93 57
93 59
93 77
93 94
94 3
94 4
94 5
94 15
94 18
94 21
94 51
94 53
94 72
94 97
95 0
95 1
95 7
95 9
95 32
95 58
95 75
95 80
95 86
96 4
96 18
96 26
96 28
96 39
96 49
96 52
96 58
96 71
96 73
96 76
96 82
96 91
96 97
97 4
97 8
97 18
97 33
97 57
97 59
97 81
97 82
97 91
97 95
98 11
98 16
98 17
98 29
98 36
98 49
98 59
98 67
98 82
98 84
98 96
99 24
99 28
99 34
99 53
99 67
99 68
99 79
99 81
99 84
99 90
99 94
